0,1,2,3,4,5,6,7,8,9,10,11,12,13,14,15,16,17,18,19,20,21,22,23,24,25,26,27,28,29,30,31,32,33,34,35,36,37,38,39,40,41,42,43,44,45,46,47,48,49,50,51,52,53,54,55,56,57,58,59,60,61,62,63,64,65,66,67,68,69,70,71,72,73,74,75,76,77,78,79,80,81,82,83,84,85,86,87,88,89,90,91,92,93,94,95,96,97,98,99,100,101,102,103,104,105,106,107,108,109,110,111,112,113,114,115,116,117,118,119,120,121,122,123,124,125,126,127,128,129,130,131,132,133,134,135,136,137,138,139,140,141,142,143,144,145,146,147,148,149,150,151,152,153,154,155,156,157,158,159,160,161,162,163,164,165,166,167,168,169,170,171,172,173,174,175,176,177,178,179,180,181,182,183,184,185,186,187,188,189,190,191,192,193,194,195,196,197,198,199
1.0,-0.4968031506628431,-0.1965107667513154,-0.0678408342291821,-0.19756977249188465,-0.3832765443991469,-0.3566466211610371,0.21783850629042414,0.24267895348393742,0.05168318656740737,-0.2994835763642781,0.02676768093972339,0.1337786470300795,-0.4996469084088047,0.22483813135410768,0.3523685051750278,0.27422746005507886,0.1107426232624252,-0.24928024614821281,0.11881927382366403,0.09123337846436995,-0.04782658106791551,-0.15567890174554339,0.06240761659425833,0.05286661387449715,0.8323174355677939,-0.15004110865981402,0.03757194130512608,-0.2874454997512447,-0.31893764241365796,0.5592142261830223,-0.2197430311010283,0.28231875188700634,0.06087984889250888,0.14339652877697373,0.07052660276628138,-0.07285575073106007,-0.20626039971137566,-0.1593583866616611,-0.011131451660009247,0.2699199916703695,-0.09862132775638789,-0.1731698647312626,0.22775894808106545,0.1470331063452049,-0.34977390673286396,0.326751243568435,0.1620691921978269,-0.21816487019540262,0.3914639730165804,-0.07876490158291828,-0.10718154864496192,-0.11033433048103337,0.24412545756099463,0.05102487628376408,-0.5446263128201486,-0.1491876064767765,-0.27056323187018533,0.25866593303754276,-0.06979409264480921,-0.45264085226091477,0.024528380979033402,0.10824762628639106,0.4335553886476965,0.06956703289923397,-0.014376391282020005,0.18279527056383235,-0.17833897783012467,-0.22692600466907842,0.027959583484101262,0.02732700053428856,-0.2903215936632291,-0.14099311824312522,-0.22431242237012516,-0.11975829118188476,-0.17713523497060524,-0.2523036592197422,-0.2125011493107431,0.08326046621920316,0.17092198465219985,-0.2020329327281795,-0.49160949108688284,0.0696492286046119,0.04613430244765589,0.6356827092087254,-0.2645207048678369,-0.025675638895458926,0.11618457978859383,0.10012618184236778,-0.03657581799662176,-0.15802554561148005,0.11507449253735647,0.2198264313904145,0.2652906950999869,-0.23960636558660842,0.36084762850570284,-0.02990191974463484,0.1476960400610181,-0.2651281534085519,0.5334680785397544,-0.2229800894537955,0.6275444000478768,0.02728284038023316,-0.3951138018515395,-0.08166694072164042,-0.20878912684931297,-0.23648945902783197,0.19456137391172404,-0.15057403717976567,0.13756659411342156,-0.07175095008398168,-0.23823221297958122,0.08685709829046993,0.040602843477921716,0.22690385322340265,0.24582467712219003,-0.37053637668795214,-0.028891901135737013,-0.012760192587920854,0.006577033735009323,-0.08146838494626538,0.112702017005719,-0.10425580713552574,0.19464243722078708,0.10552339255235275,-0.017422564093519374,-0.14330518696538105,0.129358685537884,-0.17156691278044708,-0.08403451442856257,0.6826113315451711,0.3843094878441901,-0.367057722793461,0.02876249685172125,0.2806022560131251,0.24485936407046993,0.0945345964948391,0.5217265074081722,-0.22263251730828246,-0.25194132354857546,-0.41421797114042613,0.2870918959667231,0.5767214106183696,0.01733607395212867,-0.1357930197780287,-0.116868455168466,-0.26850419301480605,0.08546826156703778,-0.0700521017126639,-0.3841665382611976,-0.07920112623805514,-0.10720876754925723,-0.07385113023245674,0.14573969453424798,0.060815823786858306,0.5232078473372264,0.33239242854752055,0.711558678087654,0.7682323640774379,0.15283973274244467,0.06963629457417662,0.10970373342734155,-0.04484618167903994,-0.07157092956242357,-0.08897981864581908,-0.18248801772673215,-0.18067195603914274,0.05494340002736765,-0.14070928539869615,0.5953434815843343,0.25364301337092493,0.43965186468440565,-0.2195548444195617,-0.35058198677191604,0.5680146593861676,-0.002517864640908913,0.5584237458174811,0.23933050052957136,0.01456352300165986,0.3608035435564161,-0.05746088881564633,0.09057753079860945,-0.18965331262478008,0.04091406403451024,-0.03524374762160622,-0.21176589764993653,-0.029644047110525474,0.43602035989342125,0.2847197995864687,-0.0757913741998764,-0.3603635663929241,0.19769012091241936,-0.18273245332146612,0.044359553540150004,0.11679681656707896,-0.050274982709214454,0.27197541768054445,-0.04617107593016162,-0.11324863345760207,-0.08713696358078997
-0.4968031506628431,1.0,0.42147125537886043,-0.02055545353886271,0.5335709480069466,0.509577466201164,0.740290876423811,-0.0949056074826019,-0.052677998034555744,0.1574293671714032,0.6446524457197851,0.33821778331743807,-0.056984393925296715,0.7045475476190308,0.0480364116917954,-0.21258966437056884,0.023338701198702298,0.11669097978711626,0.4751128008625132,-0.26658217533579515,-0.08480362242387447,0.40609479099992,0.37925952936767693,-0.21074402137431308,0.06577994494000675,-0.30767278420085553,-0.023963862022509785,0.07393100451795682,0.46431053815290274,0.47206396405718953,-0.2715651319360107,0.43516298091605926,-0.38863580599586023,0.28453617255015784,-0.24370127210935622,0.05183583809947559,0.2424447325597544,0.25955102942388175,0.6551308703762292,0.23091699462490897,0.06817489087138474,0.3998133305534487,0.5101397619897984,-0.036471505563005935,0.06356858334425233,0.6512356016324511,-0.07129821454215915,0.19279871963627368,0.7047262912616528,0.0819648877584505,0.40309690823625566,0.2664409055119419,0.25237807568912957,-0.06446246654712226,0.05239843636367146,0.5904922183712061,0.23852750111851273,0.5616044067628956,-0.2694817619328956,0.16572290982427476,0.71331316946621,0.0005263364783316566,-0.1507815926359143,-0.2617424009255223,-0.1323638352769851,-0.08500263799470727,-0.23812847650360502,0.0423433663620708,0.42347244862052114,0.16830242514174507,-0.1261038388760015,0.6807855509717291,0.44006734554573906,0.3341556750872027,0.5527422795530039,0.26328213033661074,0.5187611435476551,0.38275768242406905,-0.06135399836597601,0.18149662136430286,0.4622424093395403,0.8291944679201889,-0.12839576463546887,0.1838588854525936,-0.36317202615748606,0.17787162444407878,0.10985001001883823,0.12128594451326974,0.043360420930208185,0.15924358206737452,0.5084540666041308,-0.08490770785781666,0.0665932068264235,-0.09615773861765758,0.5521543963911187,-0.08335625759342527,0.557706930548651,0.2096999112339606,0.5904831335784798,-0.24399264360653902,0.6651053297451313,-0.13222245159986018,0.3075397561468353,0.6856741789100897,0.2698259608204233,0.6358660929741375,0.43593537823993034,-0.1394941354084605,0.5291919464514325,-0.19873616856124254,0.1312103279112356,0.020000953467153318,0.40301024714930295,0.3884254127064062,0.03617822554860588,-0.5125092543223428,0.7035032137064025,0.1690117497854763,-0.06379310755103629,0.3036358837268446,-0.12024348580593641,0.09706728975403735,0.16152220569983855,-0.005090121007825883,-0.1350121899767116,0.2783717775013103,0.43761507124276045,-0.3154238923438671,-0.12615380460090428,0.22779770198221094,-0.2092853256129211,-0.08889152320828402,0.6826299011217969,-0.008206672515317268,-0.057737427533903755,-0.03298505570434805,-0.21184340758743617,-0.3660176819244376,0.660909724351389,0.5158890924835438,0.5932393199964823,-0.13497598546826858,-0.38345307072899704,0.12437570101744286,0.17955768996911578,0.08077081115676245,0.4900493339602176,0.06262459654621814,0.4839650155851938,0.6518873508591397,0.06313097286475844,0.055273399367328724,0.3315557833791046,-0.1570762590507825,0.13165182517789187,-0.3647627207572343,-0.09428035676815534,-0.15022228580019478,-0.21203094952320287,0.011689705537717227,0.18743681819268462,0.06757844433854397,0.2644442504154208,0.1693183923318331,0.1290223743570929,0.564149548648482,0.282066930362036,0.08621930666684795,0.3857413912550576,-0.2332666767086006,-0.17405119365893218,-0.19509767838408604,0.4467734896642344,0.7922720555165025,-0.05433941043148831,0.14367437068201838,-0.26068385704671065,-0.07844778266162429,0.2115461936422541,-0.4925097866121006,0.24112012692443308,-0.26017848368732,0.5535417668733738,-0.10292991087508083,0.0013136441433326583,0.6780779669562651,0.39084969879556625,-0.34221756867766834,-0.09114010415169703,0.29661280036048876,0.6855533166141724,0.09702500733090863,0.6612798920625488,0.17889991274462239,0.058793304826968894,0.05807186338694419,-0.125762549472386,0.0819606957566811,0.2738936383833812,0.1179316741368925
-0.1965107667513154,0.4214712553788604,1.0,0.22083477049033542,0.5004393649447431,0.43963023593789236,0.3345224668272654,-0.04749118244186722,0.12661262660946795,-0.011507472781021521,0.12073435772344239,0.2770336481988304,-0.12221786643216062,0.6515534187679597,0.13958744941773593,-0.10033200721497518,0.14377394326437773,0.3218102715363648,0.8797127268436655,-0.08365180341038694,0.004839640808750861,0.6622445318166928,0.13949675664924827,-0.01756475377069017,0.045856797953924215,0.0318322190829145,0.0027481951664525715,0.12021153637959688,0.4495527578340537,0.2954102491796177,-0.060613859544001884,0.15648782980811937,-0.2035388207389158,-0.05594166702429076,0.028772451368739686,0.2010816157407152,0.5622255299308074,0.23898649912755257,0.25501232125159656,0.36211323599614165,0.3445910560729663,0.23119065499191277,0.09448121850607227,0.06195095454901399,0.36166817332442097,0.6758398878387711,-0.030357777106499697,0.5800968601556171,0.3840311465844217,0.018867472296576916,0.39993487999692795,0.27260739872715306,0.08981436296331,0.3336175111291829,0.08264441971300235,-0.09880578391749938,0.15489053782859982,0.8352043219508833,-0.13863758077872748,0.043951958483721416,0.1818034429716702,0.36907304284928666,-0.15951438021051365,-0.034539224137194326,-0.013364891058859065,-0.058129249265055964,-0.13295723262178505,0.339359088315295,0.4248093948037926,0.3163558578401139,-0.030053861384763205,0.32129618886559475,-0.05343675755508939,-0.22034077399296695,0.26636303819613755,0.3710214474170742,0.29554975794826477,0.26697112497080105,-0.034247504651801534,0.10712965240965022,0.8156292986227238,0.374015798423234,0.011478193596953394,-0.16423476559747058,0.21061363203607672,0.10860651520059393,0.34877231788417035,0.009044209715717058,0.5124452500611995,-0.047303455880941515,0.3431600504354862,0.014778873924820426,0.03267780550365511,-0.08052857522733221,0.14883344582513997,0.11164496528455088,0.525289301829577,0.06535638467322555,0.049911998672192835,0.19315491814247798,0.14969399117039248,-0.0026949449188082377,0.2870507611019734,0.32046665341618064,0.6343190242978705,0.4678924764184515,0.24890416390048278,0.16523466341804688,0.6888457135015611,0.029715273992653855,0.039220308500568804,0.2064334000093067,0.08816197871953393,0.3228978627403975,0.07231690765553578,-0.3452223648946327,0.18180802675165011,0.05326646446229255,0.01975101094522353,0.2009496541817914,-0.018726533239383735,0.41123964505195404,0.19321906175506373,-0.07985598305881655,-0.29419010521328914,0.04762392970451639,0.35531779305055744,0.08557451066038098,0.10555287955568404,0.30351530544601085,0.10541848591764127,0.15165364312033852,0.31179100736471915,-0.031042543995392344,-0.15230391489844844,0.16963601131359116,0.14676316576623427,0.19360445354555655,0.6055392626125777,0.31180517597768387,0.1496368037097563,0.26262090732545185,0.02825509493538243,0.08628502222740694,0.12311400781095357,0.173071172396086,0.7526936095495241,0.09275588513070306,0.11478913836488394,0.295207945006358,-0.22395893088194502,0.23170807895796283,0.34935075622318584,-0.202982828003978,0.2635562476534573,-0.17204257273282847,0.03934910396113535,0.10491304350189747,0.030768035420887057,0.14154201664257404,0.006553098149634601,0.21757904316258966,0.37759048481436747,0.13454513874290597,-0.12067845002247277,0.5027724726231381,0.008407343608019589,0.09899107155927439,0.007778219870690712,0.18392783942650032,-0.2248548599983732,0.3998633307314835,-0.10745177385492401,0.7286110052980067,-0.05692404505026277,0.3037940152928137,0.19355906083299262,-0.07145643651224218,0.649598900897225,-0.28032813229062953,0.1606175555714107,-0.3090866314756675,0.2572308262992489,-0.10720028038812814,0.10849627667401461,0.36633943520653856,0.14576674986074367,-0.1499658663723514,0.2646679424908915,0.3595663550723479,0.37202922349240414,0.09747371602873825,0.41937463723067103,0.30333945069004004,0.4641663575332806,-0.1086511027739237,0.260125147567202,0.19789476383199148,0.4461282886211887,0.22495445124506525
-0.0678408342291821,-0.02055545353886271,0.22083477049033548,1.0,0.112864529674271,0.37052036042929504,-0.01446784006307042,0.2518356379038044,0.47900694793002957,0.2936539884426407,0.14551953175273194,0.2690741228845961,0.4453899185989107,0.056318759646934884,0.4178337537705695,0.0626896878783994,0.19560850508712843,0.3958994856179889,0.13114921972358767,0.5330920381054595,0.324860519688112,0.25359636768613253,0.1978077632126637,0.4520160959539781,0.40801654505457047,-0.10574992892092366,0.044682364707793326,0.18661947639855667,0.30304089243993104,0.1421268847583046,0.07290835893422933,-0.16450341498439314,0.471070519709887,0.040851410227936896,0.42456112145295405,0.34896997709375166,0.4485835543438651,0.2092455123713895,-0.12699192276171314,0.4787841974682875,0.345268179971113,0.3670704862458549,-0.05340890557780136,0.0376831731589255,0.4162652311843375,0.08849756153375074,0.2890064364895181,0.4555301826126061,-0.08399775654592193,0.13898990559493105,-0.2607776308589677,0.03551988924476904,0.426652527471534,0.23548450766529086,0.5349739306581152,-0.004350370799996037,0.22734124567339895,0.2412722212594793,0.42506635152277,0.23623857614817909,-0.07120668667335468,-0.1493214517648152,0.27130819620173324,0.13651689091090022,0.34684710462653556,0.5582399461856071,0.4470905331358895,0.5890534899930585,0.5347979102505078,0.5905615001570858,0.5048433045177158,-0.010737647690645391,0.21892614295846083,-0.029276454166177697,0.20342028102642565,0.49941100972112756,0.06769387450136756,0.25869917017594324,0.49863470404604393,0.2635346608775298,0.23910566057408963,-0.09141869551194311,0.518967453180756,0.22838809212817335,0.0661648985493385,0.17661568838593272,-0.04281152932584786,0.03250799112372038,0.43609057949930735,-0.032388039316024284,0.2339966313582236,0.4540538320884582,0.18274103310503162,0.3130547728542229,-0.06111156290719117,0.19653656041996767,-0.15131646858278694,0.08370355654906493,0.028870915575797306,0.032515335467382285,-0.10425682901929195,-0.0026130915862926755,0.1701634771751696,-0.03327523755956876,0.5879231242247699,-0.059873192175344855,0.4215160805630184,0.18599492142106014,0.02937739356652217,0.3046640900767137,0.3959099490487421,0.5358536185105577,0.14029175703690325,-0.08075942226219744,0.17304321936783523,0.15265888732811042,0.06808556826207594,0.39476308581400393,0.7049329817287232,0.0578056230793233,0.48291021877235024,-0.057630979511792524,0.4360056381645422,0.30032982501670036,0.36126766526314413,-0.0013055182890011545,-0.0627736146491896,0.5343665453106098,0.4888366077711905,0.36553583815700924,-0.04096327968757276,0.10508721580100086,-0.009031898147590117,0.2697215773560325,0.1335504657862428,-0.09041836024251516,0.7134978585676405,0.2837293819974875,0.11409684194649408,-0.15912599928125792,0.10808059710016567,0.07437451945467048,0.15305893399927312,0.43505868978812734,0.0688454031014689,0.5281678924962365,0.09634616007654855,0.43048473941158927,0.19496116572316866,0.09302231489585801,0.2654670528066304,0.5789998150065322,0.021328637569158135,0.24046417382244797,0.2526700344003904,0.07987838418875755,0.3102869369044019,0.016453768608681012,0.10548125496291486,-0.24593746005722686,0.3211731144929558,0.2538147553595018,0.17100818656889355,0.3416468603342131,0.1825040023992834,-0.014266236133180635,0.42462722859372143,0.37065117958529686,0.03173650538907543,0.0857418294631446,0.06771558496727081,0.12055185840726242,0.1388204499215263,-0.02578029394217257,0.06210444146198609,0.37184846896065893,0.19515873509513706,0.21362084648014398,0.43821541460977925,0.19085855258297724,-0.046820062684326876,0.29885235191959064,0.08162179408433255,0.571234269304454,0.459781246978901,0.02255712927488124,0.30290610831924963,0.21551196798765676,-0.0602954591452586,0.3977527072933812,-0.08568063048520609,0.369153511905317,0.0328989154620873,0.36733450671768036,0.03691433832206923,0.344571485662656,0.39224355943595773,0.20852084914787236,0.36489686450220976,0.572136582972139
-0.19756977249188465,0.5335709480069466,0.5004393649447431,0.112864529674271,0.9999999999999999,0.49353549931035334,0.3090867970220696,0.10196039141926179,0.1408562789033492,0.4510614046428222,0.419290436474376,0.3852103441349764,0.22313764230908908,0.37164522930193644,0.11789780821519169,-0.18503586325665086,-0.09113512577169772,0.28467187742745426,0.5807772521883154,-0.07359876155340854,-0.01894177520696288,0.7785075784360949,0.09397113272302492,0.0722456360534127,0.26152922147439217,-0.09681885296396024,0.12081159451477005,0.13627708894875665,0.5767275031610118,0.1836981981488185,-0.05410549943121695,0.21990812924658015,-0.1652437325728152,0.07141262138327803,-0.03147359592295373,0.28891375518385853,0.45023552744439627,0.4328465900899196,0.0933278201974619,0.6084224587531964,0.19406125077751174,0.37288858863462293,0.30159637983543225,-0.019590500924224655,0.20882507425096375,0.5369515635121853,0.024888515880818217,0.36911941032563933,0.36830898064732437,0.22970560076829608,0.5964977833287757,0.19525156544187652,0.20719321156283962,0.07900059801363504,0.3403759042282571,0.13067329281575232,0.33771406853460856,0.6252901318465331,-0.08893096051880008,0.2061151604517703,0.39546049789909093,0.09660996544861447,-0.07340956328098103,-0.03387837020095195,0.11779571563635467,0.09242624597014955,-0.0531463661792281,0.23006697527102526,0.2547447949720711,0.1320771114454648,0.0849891860001487,0.5167398570627082,0.216715025780992,-0.010752004315723226,0.44710804977660756,0.3751464765831374,0.2737921828803955,0.3741812109289734,0.12180460317424383,0.36159900655794547,0.4297928148429413,0.43997421919397717,0.028098362042617387,0.04359930101487166,0.00811212193310167,0.19314228776905892,0.21441754824933906,0.12505289344172604,0.2138266222978589,0.10978169109030049,0.7631489732932213,-0.005313891023055764,0.15236850573888333,-0.13725620882171646,0.28828422668582837,0.2005925780699932,0.30861225885001414,0.2964392949583615,0.06430941047818871,-0.03579131539400956,0.5487660861706917,0.030270405487338073,0.30170858472421963,0.6836068758073535,0.28276986041267227,0.4639046682853453,0.2321870781944007,-0.01264068033896661,0.6457405414145818,-0.01854148683004301,0.2165007020091022,0.28443249942709653,0.17091242682681249,-0.0058474195977392465,0.04520127205564493,-0.20728333324365175,0.29494715912580577,0.2658056488297718,0.13302604466708773,0.2825090319104135,0.017667174399636963,0.13937729740048843,0.24663847445365952,-0.15191687012605334,0.12934520736646363,0.26144575590458785,0.28216282897947825,0.013548173725949023,-0.15002790082040676,0.1723795255814528,-0.0642444164338844,-0.057505678897905116,0.6223484922898618,0.04199822142779594,-0.07189335590980465,0.03266137209200192,0.04409913734453261,-0.18075017926672618,0.717109543306473,0.39832725082196185,0.1613637325026066,-0.08375615538679258,0.04910469926565864,0.20167119740165887,0.07208337064853616,0.26622148567426546,0.42815950592039687,0.2449435856007593,0.4462131562402688,0.33859429321315015,-0.00012067924291643576,0.2485169982417369,0.15666298540285717,-0.07547830601391722,0.24570126883124999,-0.19265349663236528,0.1884036575582704,-0.025717178906490328,0.003896765527779447,0.23032186126674029,0.28108424680490546,0.13685805540240384,0.27082058639430046,0.15445049683455842,0.02810088294524986,0.2547191974346183,0.4417632852865941,0.37402418281144245,-0.08022027468435133,-0.10420909156494178,-0.042877003771736755,-0.01285805175653283,0.48248215376082576,0.5752794953865069,0.051903921856124545,0.3074582936914198,-0.14739425935094014,0.017163794069242438,0.36052832583101063,-0.10854944160926355,0.35069382599596655,0.028913672537146714,0.5387694506201819,0.06176611728623391,0.07079087167181847,0.48195972288358246,0.5042330100306177,0.029228769671834142,-0.11732987364609324,0.1661097420299922,0.6456906192281004,0.09911983188692987,0.649940491826175,-0.01064185490045634,0.10672505553725349,0.20282099729553885,0.05647993634793607,0.12277423409653669,0.2144188087001573,0.3407290494027255
-0.3832765443991469,0.509577466201164,0.43963023593789236,0.37052036042929504,0.4935354993103534,1.0,0.502527932397916,0.05904119346946052,0.24256070829181411,0.3808924704672281,0.30648968123035797,0.5489451341464687,0.2233227315507195,0.3912977540121859,0.22267246318585424,-0.2886633931488026,0.06018986082687956,0.5704775090988905,0.35563871635088024,-0.039040238882288386,0.2200693231518378,0.56384747176017,0.35422716236659046,0.28863571361180695,0.4566812361516239,-0.2919403918996653,-0.049871696784715945,0.42449764034079174,0.7531665263809902,0.47474666044017805,0.07884122627693355,0.1274429454086595,0.1223607897279643,-0.0020539858071060104,0.2426890863133521,0.4488239215414096,0.47111009324092895,0.5968904434669962,0.08242036610999205,0.5120759346797912,0.39698851727791934,0.684406336125834,0.2366754883213503,-0.0294662069411814,0.32911078894603146,0.7355908930274419,0.21660611279671071,0.4300356075656493,0.2727290504581223,0.03867792412883477,0.26635125258302855,0.4204447355086305,0.26446196836239977,0.026560429135328908,0.3810771998740588,0.3845996648381542,0.3850809858117364,0.6452040092676355,0.05495642216869838,0.3985191521391101,0.5424261954754319,0.24177058964891268,0.08110196935823587,0.16273102026310465,0.49956692420914894,0.33305122035270845,0.1343471755849549,0.2893738087677581,0.4349850080333214,0.24755122643055782,0.2989575240246853,0.3239229380784722,0.20750972960475073,0.06989219737086619,0.5843372142234741,0.797494750190236,0.4599490037970135,0.1596684272993389,0.4716585582953381,0.477264013989644,0.5675766973465911,0.604070764221926,0.11855895181623612,0.06010119897831256,-0.012388357931443087,0.39906069843790454,0.18597296793824206,0.14314670640975274,0.2981594383819899,0.1752827354803794,0.40424065829323186,0.1972641496958806,0.36561107784645397,0.1073149289765742,0.3898695086444772,0.12151411802641363,0.2068256690616968,0.28224302531780654,0.20467870121872292,-0.10183088952593838,0.32018346330464365,-0.24690017638445416,0.3077491446935035,0.42285254654365734,0.4148081146358775,0.4032740150342869,0.2662763846548993,-0.19826716974248978,0.3593247099217029,0.2644665779320391,0.5263726458397605,0.1494751516497701,0.36787494610480603,0.10333736885523225,0.29552866833087177,-0.1642386488121356,0.2677928068369989,0.4015906469135478,0.3823123323157555,0.40499596595900683,0.2736104105448761,0.12542005247315052,0.5918147525438439,0.0846893400763738,0.1535238797249423,0.08162910184886152,0.5361078461795397,0.2344238717797712,0.10510435197131623,0.37055408671588175,-0.2904512190151556,0.10345822578512939,0.5449451202881823,0.4488293425047613,0.06473228040442754,0.04902011004949181,0.3191275232272937,-0.11001220413360553,0.6907259729611134,0.20237655153423295,0.16601200537085625,-0.0449899027810159,-0.0782481047641142,0.24265272769328686,0.041832067497508424,0.4787964489634577,0.5485781943033746,0.2259819590907041,0.43816817448733464,0.40259351080417716,0.15552698198826714,0.5247177794213629,0.25039959601682754,0.04804963031447775,0.20023015889932955,-0.15975383052024408,0.07121255829257762,-0.13948235756728602,-0.11485855111826933,0.022262945057429446,0.5092538058788721,0.1236245422551447,0.6138644109898576,0.3267851601004894,-0.012217287589649139,0.42134816931800506,0.5275112302568751,0.3684567276958796,0.1775822360328955,-0.12701887909686693,-0.07234285587009764,0.045659545248175566,0.3626018236735345,0.5705231898924772,-0.12060617838072586,0.4254738547148166,-0.10686184502300304,0.3347064888047321,0.23907177671324462,-0.06770324903592963,0.3564654588000912,0.05655516178900817,0.6234308883302005,0.22946661566571674,0.4657332491537301,0.559484274320417,0.5213568236732304,0.013034713641364876,-0.20342083081069226,0.28441148036901875,0.532440049924301,0.3778290366393485,0.4145496736585746,0.20138248009953455,0.09457399581709525,-0.00035475306629696696,0.3846243087053827,0.3074842231347656,0.2233654948595064,0.49189209210036866
-0.35664662116103707,0.740290876423811,0.33452246682726533,-0.01446784006307042,0.3090867970220696,0.5025279323979159,1.0,-0.13651397662271295,-0.07482027187222134,0.20338385965664826,0.4475662845553822,0.3125738430012169,-0.19910893859863926,0.5648082338738473,0.07577626144085166,-0.09330520463728753,0.3447676992183124,0.19250238701302486,0.31881880554748016,-0.31436433659321833,0.035546358874804534,0.36065986743404355,0.5469622140937325,-0.17157072112188945,0.10673473450148442,-0.22500855220402854,-0.13835258832350494,-0.007694851412636893,0.3809321711487553,0.38640923343631883,-0.11991411938082279,0.3806970414379128,-0.3342617622722113,0.20300391736871473,-0.19323951951456209,0.2028102082553249,0.26512895435459743,0.2727003773398668,0.7445905751019379,0.14025495266897994,0.18810463043180506,0.43374466187843513,0.34700151373554083,0.09480247911938215,0.08375490082866785,0.6365119211223811,0.06840222556142087,0.24736315908024023,0.6671205379596941,0.06592274816249641,0.20529319579516342,0.4471147024112252,0.337782473385538,-0.1256343533819796,-0.04468508402513172,0.43917472744319447,0.13444428707347192,0.4282743628431852,-0.19801970928178686,0.05990090778868104,0.6639749066249229,0.18783904691736197,-0.10326213812990508,-0.03906110633703936,-0.07474645431703834,-0.07597450469309362,-0.1589955020346461,-0.026613826232281403,0.2948704176443598,0.08399440612058537,-0.07659294070434852,0.39065044592857234,0.1490464981042618,0.1551208947582357,0.6691311716578701,0.32656994127247935,0.5208059121631967,0.27502672547083157,0.04987257276250369,0.266172466412398,0.35872423019338956,0.7866620690659822,-0.11031547979428674,0.16786071086882925,-0.2944726350611551,0.20777597629426026,0.07538750820404648,0.031089299029487615,-0.03453621381901092,0.19520859781418268,0.23990415829488831,0.024503645259141442,0.37859858857136486,0.0522493004633117,0.6292103151346461,-0.025645441610198553,0.4518489457218167,0.14847432117226111,0.6444898391381625,-0.04433350578941923,0.40970424979780184,-0.13184314395200636,0.22011725812837551,0.42947325397803077,0.08792231365912888,0.6383910774377151,0.3148055163205469,-0.21024686604879456,0.3502767110231564,-0.060941542169583855,0.2642985992551611,-0.03546690554664899,0.6961575280376885,0.5451844770414302,0.25066725395220263,-0.42408975560580386,0.4889779016452054,0.20980369467628415,-0.09850807082137,0.43343338215437516,0.059101905338783005,0.12394881720535346,0.21276412077833798,0.1851448544807264,-0.21335764423377415,0.1304957673070534,0.7760221489022493,-0.3101741782488588,-0.0865020345182985,0.24826746100005107,-0.1685182197087415,0.11080961361007659,0.4264619740453233,-0.04716717085179658,0.005876136955714374,0.09323958404932442,-0.2157909173730435,-0.28468922120643797,0.5843849655038631,0.27539648238443687,0.3447004330570298,-0.12838179743951714,-0.25010873096328645,0.0961061786021829,0.07076164541583584,0.05601796299162394,0.4381881628782396,0.09486330158682468,0.46971539676034885,0.287065167118165,0.03446398290387051,0.03418002850130624,0.19842170859225491,-0.11932980245637334,0.09297151612973696,-0.17683580955798053,-0.13474674501493025,-0.13220419931325936,-0.14158874018224157,-0.043664852514237906,0.22531569293935472,0.04535808060925003,0.322185884657349,0.4964525120477427,0.1339341597636463,0.8057048043419206,0.12431424259631407,-0.06173610483911242,0.47231232729551587,-0.15826429619959279,-0.04609460203385649,-0.1545856737267396,0.2581791575099042,0.6122914585459125,0.012834802587670672,0.21069995386787368,-0.21358798394171868,0.04817437198546156,0.0427425907652551,-0.2809120087751223,0.20931034095330414,-0.1833078607170821,0.4335202137960585,-0.10693202866378353,0.006123164149731616,0.6307148268959691,0.3621935167447661,-0.27351782741892994,-0.08028316025852018,0.33001140990466715,0.5041876925555551,0.13571173786743082,0.5384322496678642,0.31600431305181953,0.13913416532039258,-0.13026626101934138,-0.13706200100671095,0.07157768454277817,0.3251278751500549,0.10037529004971305
0.21783850629042417,-0.0949056074826019,-0.04749118244186722,0.2518356379038044,0.10196039141926179,0.05904119346946052,-0.13651397662271295,0.9999999999999998,0.4655173107366508,0.2290546988474279,0.13527720216324543,0.194453761794257,0.5274560534832287,-0.11291700486480474,0.2227529920507731,-0.02362358172613345,0.09624151902902793,0.3509222887289888,0.025032792910701495,0.24557464322982966,0.09034239711711016,0.12963579990710605,-0.15050488057972167,0.4811048547680971,0.4046348781281886,0.10728186863216989,0.004803139140942792,0.2078503433190682,0.12372266968211026,-0.03119576953251883,0.22979835672331653,-0.16691964737892942,0.3524576258214807,0.08000752973518528,0.438801351675235,0.2386398490730998,-0.007421156423458236,0.15968849503659036,-0.1058117841095055,0.3125138526900809,0.12053112847222004,0.07532662257378944,0.14678103588646094,0.19581729392865313,0.38787436368307765,-0.025266189101110236,0.09959197367516445,0.22518064598106438,0.024404316125360873,0.3327773899365809,0.07116653156697518,-0.10422275062860045,0.3523151965360444,0.2946094357271964,0.5113335326243251,-0.054449580311548854,0.4100371979604262,0.11726367941153783,0.3767272048646122,0.22511938299403525,-0.06384222640136673,-0.18711860948524828,0.1284215132609457,0.02480070812322885,0.1423258157758888,0.5641900185108104,0.30560425873516806,0.16502983778575506,0.13952765613452323,0.19056893329488245,0.4083583038798433,0.04243748069948006,0.2168707842168574,0.11003216528733148,0.08412487985014638,0.284743033345248,0.05754345087678955,-0.10741688399438898,0.4834839631220644,0.15016725925318214,0.05958219742736825,-0.11104687696172462,0.4572443781430318,0.0014719306749899942,0.2339895340353072,-0.09985344925093138,-0.23261855605736834,0.1308340187846954,0.34204469738297516,0.3637345550384336,0.1507483024595761,0.07827863115678314,0.05035018705121834,0.35845522881415504,-0.2525778860442071,0.6149938363455805,-0.21792568880421184,0.47030836932921516,-0.014731625916250716,0.025240960877784595,0.16370383086276102,0.24280591742094793,0.07071587336623696,0.10378746490171972,0.15445100281301896,0.034230148731406014,0.023147992869383915,0.2981439106099018,0.009931656421759732,0.21668541157028823,0.16354950503886298,0.20779408552408893,-0.07867443119794543,-0.21787919680281898,0.25163571072325336,0.20974197462718633,0.06515196166318112,0.3354170810265904,0.5418631892537383,-0.06281021185402098,0.4418991355226468,-0.028144813689392978,0.2401645907789685,0.09896126635278382,0.3165822721607482,-0.046794148481483964,-0.14096797560469565,0.42634122689884885,0.11697605459650363,0.09710739524038707,0.13683582886776569,0.0502225112267973,0.09646434468152289,0.2671413727790205,0.10879553997464039,-0.3275075154096183,0.35033191049916884,0.380726470990953,-0.07368681311656398,0.04506388522582851,-0.0042018803089615055,0.3243238948521911,0.21623834033059897,0.3835695314611808,-0.01777102887671789,0.4809383420353493,-0.007343154127380778,0.2871675427925416,0.28909209313466644,0.03382889960491907,0.13181204920219386,0.2973955286523762,0.15833717722507804,0.461049337947464,-0.13748032708722388,-0.07788335430258132,0.5433862254507547,0.22362905494097488,0.1784484096253016,-0.044069259281842195,0.3139024210901212,0.13890452743490933,-0.15049669829458254,0.03388672863978244,0.158267087964472,-0.2628393480763113,0.20954121517974625,0.43696273270861574,-0.1729325834905009,0.15510701712845815,0.38758743131565143,0.2068330192298623,0.08293322033675224,-0.059420341136504295,0.2642493993092502,0.19769610896358486,0.31825154187220533,0.10156753744409645,0.17494488328592825,0.3488473316161923,-0.18405293995914362,0.1416653914054243,0.021434655417019968,0.3515547216501237,0.5217810050357509,0.18315013580981168,0.3044683371366678,0.3989491173891267,0.008794379062729958,0.17226650646370706,-0.02135860142803347,0.22539006799119607,0.10843278950181798,0.17367672735538658,0.06432486399905352,0.4128468308157122,0.20817625975854914,0.017563842965812853,0.02450006085729343,0.5024160260675672
0.24267895348393742,-0.05267799803455574,0.12661262660946795,0.47900694793002957,0.1408562789033492,0.24256070829181411,-0.07482027187222134,0.46551731073665087,0.9999999999999999,0.4129392124340549,0.11278816006336223,0.3419726469656597,0.41972082289730306,0.02196726226289163,0.22825017926003252,0.06247703773670348,0.1972559812179833,0.36634368337634604,0.13034721387001133,0.19484268987019399,0.1778571702144797,0.18173988842750943,0.07918507917759465,0.3050374662755614,0.5015755679730579,0.2708128936539883,0.06807383815852845,0.24025378329747682,0.3623325232156922,0.04815543931493232,0.27505699912651316,0.036143990854120664,0.24005522344515592,0.1472987549807074,0.42763096422446256,0.41827434147740217,0.32269390838769696,0.21694446934894557,-0.10200311201149775,0.319105201458238,0.46439907990094464,0.2927619205326576,0.17897805678420145,0.18689719995957452,0.46474318114512037,0.14841169708737975,0.20312197896199702,0.4467834219648291,-0.07446917938864751,0.28973794742961784,0.01579584252826009,0.05678031485981114,0.2776660765407795,0.3431863562817325,0.405309920989112,-0.00884367499983471,0.40223620085296996,0.21916866255134598,0.29860741256807305,0.26296485605887654,0.009131927513221425,0.026598304506912206,0.30501015872575515,0.10613860275268823,0.22552462296872952,0.3849331289871174,0.28889305284149464,0.30857649228242207,0.3134270709324752,0.4249833202988405,0.4389396529957061,0.09932648027988479,0.3532140255555576,0.02774436131224557,0.2189395209055827,0.3562006523534542,0.1543703544943911,0.136860509725871,0.4886221441731537,0.4095721473916588,0.24455525698643477,-0.014582837841143755,0.3561068266902642,0.1328400633094019,0.392297562344551,0.001990651892274719,0.036407902478181084,0.31421316965332907,0.34917909119195745,-0.03149179878104559,0.25531615479068775,0.3569633834218759,0.14688365899005712,0.2575258613349523,-0.17288104768936313,0.3046835524607868,-0.08652877197388384,0.357443932915221,-0.00682131445183557,0.33035694115937597,0.12680075878529692,0.32588121500246314,0.2754618893226635,0.02159287210479518,0.39377870318277464,-0.034858409045690625,0.22709883136472805,0.2841861350746943,0.12952208784285565,0.3316972301112681,0.2893351500104532,0.2322221808175425,0.024259065464924442,0.050086062247264584,0.2672070045879485,0.08047499630017485,0.057584235877729206,0.47162838422010733,0.5108805191881493,0.2656839048631394,0.26368543434446645,0.09486073654085439,0.3443129676345273,0.2593611341999987,0.3601521744145505,0.09357872410832715,-0.03748279951315084,0.3996814467029798,0.13746766075053443,0.190451118686364,0.2086641157042871,0.28096736757167967,0.1656252191876166,0.3629478760529153,0.10298030732744107,-0.09514841359357563,0.5014100719157466,0.3517616158213376,0.11001644721303651,-0.016428657216991195,0.05038396282171599,0.36690935754928605,0.3710452201321957,0.43318168294780585,0.17830098178030165,0.3764764787589176,0.2208161716394717,0.2936006460257735,0.2679480377128009,0.06426766474505607,0.2969928340251715,0.40123058470337136,0.0723030936371119,0.4386586558788561,0.18393275822614502,0.12336911121153767,0.4464691350769261,0.2868312466293437,0.39446983050540413,-0.062445178240358626,0.37424770382266714,0.38667434931660705,0.0827626037769801,0.2678923561168317,0.23450110647725314,-0.08568371647589589,0.35137424663417877,0.4563224904338673,-0.10356622440653845,0.37389300326568486,0.2009706470677168,0.3655301804862759,0.14886819368357776,0.03386693406821659,0.1919624497516515,0.3642655389326417,0.41953006405717086,0.3094591179583574,0.3555603564252425,0.2794504036683529,0.020030123394695,0.12892888032698097,0.07913074461497249,0.3478581207225558,0.43240268768123447,0.18839215354187405,0.372371565462441,0.20984452197712078,0.16316784488301259,0.3454245644055555,-0.03275336194084363,0.4090376317733786,0.20589825864146788,0.3786846118669837,0.11912223444922135,0.27769108849677815,0.30966034840027473,0.37021315754062806,0.283979755441613,0.39391455318492025
0.05168318656740736,0.1574293671714032,-0.01150747278102152,0.2936539884426407,0.4510614046428222,0.3808924704672281,0.20338385965664826,0.2290546988474279,0.4129392124340549,1.0,0.27302013207774234,0.31806070411056137,0.40318005921458855,0.016856253143255718,0.27381265626131174,-0.08767946165296675,-0.011977820521170536,0.4676059058176364,0.02526640858469514,0.15623470664469127,0.21763819467639398,0.34947536112277494,0.2091700690000628,0.3712888615536409,0.35128586522132005,0.04428413829781281,0.14183032651394387,0.3251975381499882,0.31109631031884183,0.24625318702595012,0.06620667713234975,0.09895236413097798,0.22101557624091092,0.16402462297423268,0.2739455694682241,0.4940816542532412,0.2479662833519065,0.3114217645321721,-0.061984219396099605,0.4540556021298791,0.39292430512078197,0.45744885690921117,0.2471838591659072,0.05318256429660519,0.25447334587386866,0.12035487709990939,0.38709711978664485,0.24021362960165218,0.10364559910765052,0.22473526696021145,0.16066531437571693,0.27902317206549077,0.27555999960007116,-0.1000875996130982,0.5115027656139269,0.16940051769184503,0.295079058363791,0.188056349005866,0.1866972874493174,0.22855904348633693,0.27961631480291543,0.035477497790862025,0.28003695338820844,0.056468860078097385,0.2298828193768275,0.3861733010935511,0.18378333242045117,0.15902063307934738,0.16974681175183562,0.06391255755022777,0.3075876127671178,0.24461662381181984,0.27732469985456915,0.1768858621627361,0.4298785057332546,0.44655109741325033,0.13476823503649482,0.2850910843702085,0.3789673310629718,0.578163745425863,-0.012332807965379725,0.13654879876520953,0.1767075652460075,0.3061538196145107,0.07728324114701511,0.2192455758835917,0.11275964210472862,0.1595791486657325,-0.05658429024234827,0.19254608704191942,0.5314345225820941,0.23257172854298488,0.21518748974214225,0.29885235602370974,0.21328657800121134,0.34401734581140037,0.01734245081037007,0.2583198101707597,0.11488697980508743,0.1712062229655021,0.27401620200885385,0.08066812150837631,0.3261997137064562,0.25091118933368334,0.08657170600240381,0.1735379614618829,0.3408682704888922,-0.12623896091082065,0.15516498053200384,0.23678263293632218,0.3934326496721407,0.3452545935853143,0.31333660470075586,-0.06888235419271459,0.23495685726735904,0.0751497953702489,0.13869788324148755,0.4499236769022495,0.3417382715801127,0.3342630147241171,0.32171695029801917,0.037188551419076045,0.44637548708568414,0.10768548371528376,0.5257848210280968,0.3959047764767189,0.21415692546042514,0.2977112950939703,0.03182933178149168,0.3652344289625041,0.013305005893699795,-0.032508098095924906,0.2564485079529154,0.25173570873008827,0.16565395607992067,-0.10190092130353523,0.3157347318479118,-0.11172775707089445,0.36387940885219006,0.1445158619059661,0.03994188194789093,-0.17622767323290361,0.2564859400117903,0.30987575546920393,0.09073683084777365,0.3731108230558349,0.010673402965495791,0.44628384326015763,0.3875408670866755,0.09778959194922936,0.3911310944764687,0.2112368644355184,0.08383466871626263,0.13122958114308636,0.21457407224902417,0.0025951818757299966,0.28984500077947967,0.05291629683123022,0.19477408433989524,-0.05190186084644881,0.5675061685799261,0.1845871393529991,0.14004367877569657,0.34908250972915134,0.24016975579691582,0.01278719695062535,0.5139354136821728,0.4845369432533923,0.0830856590277008,-0.11740745359849947,0.11245671940168853,-0.09171415856406391,0.49353642290501576,0.11979286575646737,0.23856860471528238,0.3985482570016431,-0.06849483599353479,0.2980143603633974,-0.004299312379946445,0.1447713679871032,0.18649678511265036,0.39718898771254263,0.38390876533863,0.303624027451443,0.381733252706519,0.26505690509535523,0.5316540866905084,0.15085488171830444,-0.17041971343959267,0.18517455884082712,0.29195486954530436,0.26805941778474646,0.37680596508968556,0.08937512935687456,-0.14241275341530954,0.289396619593739,0.17944619102184423,0.3508341477473447,0.10712707714649625,0.4396721102367806
-0.2994835763642781,0.6446524457197852,0.12073435772344238,0.14551953175273194,0.419290436474376,0.30648968123035797,0.4475662845553823,0.13527720216324543,0.11278816006336223,0.27302013207774234,1.0,0.23906116599351102,0.13627085480518228,0.3995098723664993,0.30227966334615936,-0.11736345994861029,0.13780891043689758,0.0820357534107553,0.23625169676171381,0.04040853137994612,0.002742798473899687,0.33297580551185496,0.3602957785365488,0.05836519826979288,0.20857459578862322,-0.17672165527983358,0.20033230389538073,-0.006717895078809796,0.3820322648572246,0.22528685430174314,-0.15482531345321537,0.3316106066708775,-0.13154444505529014,0.38358690600456147,-0.00037293087015660996,0.025321327376029285,0.18670196871343045,0.22196087986864346,0.43650274462885064,0.2630365633482639,0.11060695476098215,0.36397374896832657,0.5688097604153829,-0.02000212408413202,0.15069626524854488,0.3624940519004964,0.020146750592303794,0.1110934079943922,0.5842915440451815,0.22454902684299166,0.30656760133717686,0.10903462863103906,0.40638674945703457,0.06714018306900324,0.1962183004251444,0.4500453611529153,0.37505146765778696,0.3177923620707089,-0.02565999821954509,0.25380977975911917,0.4376663250480202,-0.050375370108794504,0.1277861710500278,-0.27107263690811056,-0.023989889552643688,0.14344198102705452,0.10515975098761064,0.07411797225981727,0.33740366689739515,0.2758539706024477,0.13663897155254626,0.7310631253300409,0.6314842061985745,0.5242642068284771,0.4546948331429553,0.23501979297606637,0.49369127227277937,0.5001078472259078,0.024522443971419033,0.35878352865465796,0.1674525408584841,0.5640184121646408,0.19152490434174643,0.41594500935223366,-0.2702193784698194,0.04376457299772123,0.20724889358196552,0.3231063927067471,0.09834781491420988,0.31662320159473106,0.5065808793834821,0.12815009742879765,0.10034202157457242,0.07125057547044665,0.3538382545907087,0.1743004689391062,0.22606509099185595,0.296071657548057,0.4572642850860369,-0.17426053391711038,0.661375644105124,-0.0334426256169656,0.33542217489077797,0.6395629741906643,0.1794866169417179,0.43080978539198234,0.4504775441277172,0.05398113494922752,0.3968026861104699,0.012619103609124983,0.2940293013485847,0.14406210658607901,0.4372308791119004,0.1576149847320495,0.09095531221444744,-0.15263183129633803,0.8009116190685445,0.34332571919901217,0.1353237690438735,0.30282180519216506,0.08070413599010723,-0.030993063904382355,0.2099190067170225,0.3393770516151007,0.21177174168939963,0.5190117791157257,0.1904476672679153,-0.2087669859502347,0.10435299557497595,0.1939078776851092,-0.16724780159019342,-0.11597782227691593,0.5147605835542647,0.06839246768723702,-0.024308135863561044,-0.11157742553899722,-0.028807842510902272,-0.13067728862970096,0.502671629030143,0.34341341663980396,0.5543460788977329,-0.11951295512697013,-0.2563414956655165,0.2921917812649821,0.2762343889731587,0.251792347190929,0.17880353224165843,0.23051980409588502,0.48647223382104055,0.46409979913386806,0.225483845048023,0.10540921425458033,0.33565370349885393,0.21932636256292534,0.08881562447446101,-0.1793117659787827,0.08590624937827412,-0.02380346638196912,-0.043944673500191433,0.0464766273022001,0.2813476345263765,0.10607812862590475,0.021760538366029095,0.30844776625165476,0.535937129276217,0.23861514416720359,0.3451808392550375,0.0988245417442137,0.4278493114796778,-0.2360313624511004,0.0758966458807115,-0.10891352012887452,0.6007129510804143,0.45348786549859316,0.019467843526935282,0.09935650145631389,-0.060919499635650055,0.12385167775774379,0.20449723561008457,-0.19247145919985528,0.22036231824762145,0.11756458168592163,0.45737652929934186,0.23231395555960618,0.19491252631070774,0.5181164009175355,0.46654975395173676,-0.12462866278741717,0.03098155500324358,0.15651599785275283,0.45445341371951953,0.2187149131388777,0.4749514061017775,0.1975997782660614,0.018933748290615515,0.4844078629472798,-0.15628959544242832,0.07660674490911815,0.22732189425140875,0.3101841643191642
0.02676768093972339,0.33821778331743807,0.27703364819883036,0.26907412288459615,0.3852103441349764,0.5489451341464686,0.3125738430012169,0.19445376179425697,0.34197264696565965,0.31806070411056137,0.23906116599351104,0.9999999999999999,0.3380707571702359,0.05713709162703736,0.22663219420325076,-0.2560769376468957,0.20542219128869738,0.509008488132341,0.19316381473457142,0.19258429316091952,-0.1119944275574547,0.498085990575816,-0.036950086459428697,0.25286326092572853,0.702382327911769,0.04546877037836926,-0.274449237380822,0.25022343687299936,0.6317684879274668,0.16158335392713827,0.24294726491663318,-0.0860828324205556,0.25494745730725954,0.024760937171453366,0.051996859451485036,0.3959646924431349,0.2127379054414187,0.5707614195384205,0.14296015271009774,0.5955537257412951,0.38697608609785283,0.5615778470813755,0.048367665141711716,0.17093869603149014,0.3115122963755282,0.47473956970148007,0.1636429412534489,0.3666095619864813,0.1137836586825051,0.12131708913760311,0.05093470404395777,0.23196949279697543,0.2706583520999808,0.18270181528536644,0.3295845022051716,0.26601763537741796,0.16042649855338467,0.38237706868790733,0.32042904570563635,0.24420805796787534,0.2600342113083565,-0.04987019928021607,0.006495817613225773,0.2587888480008581,0.3873164685434218,0.25668480656158915,0.15596458353120746,0.18704801524221282,0.5769286903551721,0.2322862485449076,0.4112478038564867,0.14828791343882056,0.201702988294127,-0.15909737269303428,0.7112669005751094,0.5103953967966189,0.3270545110245461,-0.09308624903956314,0.29866854203138865,0.4143445335228801,0.4674015468725614,0.2957478945303465,0.3214457080501905,0.004598931372474893,0.08639544370762234,0.27036383344303244,-0.028042995535508687,0.15234568189078887,0.275181903372844,-0.006511422780933132,0.43068060452025536,0.023058368277165727,0.31548184905311205,0.10539474355618124,0.044476360352067694,0.14939358534998998,0.08086312047195697,0.20082072409794213,0.03647665148492565,0.05647784705377889,0.28866686328030206,0.14144296213959232,0.11855043055645038,0.15378036639272677,0.2739256680941247,0.3642040084905522,0.3072291839427605,0.04419460045310159,0.1885080913694933,0.17508595177644729,0.3070154686449245,-0.0017521490108608712,0.4107694847863862,0.04840151793715753,0.4743831168321669,-0.26946808849908643,0.3220515114589144,0.48203674104992794,0.40481328421624785,0.40853975351488275,0.12930489186688085,-0.15905223501876703,0.2774243861967597,0.19181757506182606,0.24275103039028645,0.0758334786507251,0.2992479606403659,0.23262849886098264,-0.06861344196990422,0.15907808179868269,0.14288098038475838,0.2922793190285399,0.30948589992123365,0.19240859350274775,0.032781899967523995,-0.042750733524443675,0.2400304221755208,0.08428553352796467,0.5358304424940634,0.30197010606782576,-0.007993873296644496,0.10933671645933685,0.20665483710782787,0.4618167720463089,-0.15195608954995274,0.41862992396639415,0.40604591590914835,0.13824815124763185,0.5677572156424078,0.3141705198314193,-0.05996967527155717,0.2496854840063248,0.11755600156909907,0.1219566877147279,0.0046827362901710615,-0.14579653793003694,0.08810333475065839,0.26594960657243893,0.22277973830597714,-0.01927731530881066,0.5220669945463079,0.14159259468674817,0.547668310687928,0.3805021236774448,0.09095965618306638,0.20969390424267412,0.6052619404134093,0.6001364532346842,-0.09112882800310823,0.1597666327450759,-0.16214873922772047,0.10671009952578261,0.3546966924129327,0.38043897056383075,0.24515816880228886,0.348781144755937,0.14515428348469206,0.25106997409579046,0.1260563897450351,0.01889408551084951,0.18100345806948434,-0.21290694163301999,0.5666631508382513,0.3047828605101763,0.20728368573940012,0.3983313994738389,0.6118894238754042,0.136661872543679,-0.17703785777560674,0.2966427341082543,0.27885611038639413,0.3474288411329675,0.35322982028156447,0.1989622675405715,0.20637192811537258,0.15895545322152563,0.475054902345189,0.05880786483570743,0.004037259328440563,0.35494245045409795
0.1337786470300795,-0.056984393925296715,-0.12221786643216062,0.4453899185989107,0.2231376423090891,0.22332273155071947,-0.19910893859863926,0.5274560534832287,0.41972082289730306,0.4031800592145885,0.13627085480518228,0.3380707571702359,1.0,-0.2038130855551874,0.22863623847681552,0.05033415114931384,-0.054239369808063355,0.3034770999477175,-0.11700409780699428,0.6070157856351369,-0.08198227084682382,0.16782739881727168,-0.13369446551927922,0.6155888407715748,0.6018888804285867,0.026056929181469568,0.16058713842742547,0.06572152452494744,0.20090634049503173,-0.03890018466150684,0.14256856577321605,-0.19868357932021108,0.577068106318526,0.1840446039678884,0.46616717846683386,0.41185267415773963,0.04764704954155741,0.32358459914270626,-0.28884533800651246,0.5769328624441669,0.1211940912181589,0.2680772585894477,0.018971676875776215,0.13685364231435448,0.4054697805156432,-0.050158375533776556,0.29986722005641747,0.1381776521939999,-0.19618390998455892,0.42707513163832456,-0.09341175483170971,-0.19419101300862257,0.24804499049438092,0.13748509932594383,0.8091988818246341,0.20922593437525047,0.2619095711842209,0.037811135853955256,0.6453833473690838,0.2616473411990831,0.01785145430677206,-0.2234655866669299,0.3122010780785707,0.19566898161446372,0.29847937830405824,0.6375595744064475,0.5106278150787585,0.252182703053218,0.24070196933517657,0.2151824185022721,0.4936256315445103,0.09843565725651508,0.335584740999563,-0.001230385292283944,0.2588630641815362,0.3743781149495607,0.015691067497945133,-0.13980936217086606,0.5007676156807479,0.29607130553801125,-0.059646599260889,-0.21229425318778494,0.6270545800880656,0.32932215737891796,0.11333197543530074,0.02926788658025183,-0.1660129743574857,0.06873403621191768,0.23665989432039727,-0.027579603635006673,0.23837473188260158,0.10483283695045123,0.043408637887940374,0.3040576604610281,-0.0355914520996814,0.36909076263362167,-0.14942874953617846,0.2574282747247825,-0.12599135947408371,-0.01599139113873168,0.12549368374406722,0.20384419070684043,0.07992437599349642,0.02556161525837233,0.20506480179247466,-0.008110382210248065,0.1609272341235486,0.11596108046634084,-0.05594546202376538,0.25447595943480417,0.11118962345541841,0.29017964537854485,-0.05864342598102847,-0.29640294351275004,0.2225328152898066,0.4141556307183933,-0.0895716507313048,0.25845041412262376,0.7520190576781562,-0.11462780119380023,0.39043661711498023,-0.20374643002856968,0.2482587915767553,0.06465337056469715,0.6673545912928351,0.050403908247803865,-0.22362655230345765,0.5510275382146856,0.06791679861845987,0.09220742742035137,0.05902334048466963,-0.059756633706962624,0.026795458042245767,0.1740960723128265,0.0121608126729288,-0.12374564857396501,0.4931901264987293,0.1346844384324262,-0.0012939237442798355,0.23846858380468264,-0.11749806569724697,0.05342334528672207,0.33405586473984794,0.44816040310154626,-0.09588933527933484,0.5051329140132431,-0.08287883095215659,0.3396244348735442,0.5293073858724943,0.1974653206205779,0.4412530405850575,0.2107505505368168,0.12438318439828334,0.2176743588598279,-0.06655805974607602,0.11765539982481237,0.2949136296146832,0.16759871800784779,0.15290567977670408,-0.09593100078886194,0.5187838381590284,0.010063085264915549,0.020229917541742328,0.028454353666470627,0.08473847815800754,-0.3974175816770345,0.5866632856434753,0.7306071269711639,-0.3534255630897274,0.005886288848519273,0.36615204025688397,-0.025637516499798056,0.3616014865769668,-0.13490713353020775,0.34583299683098623,0.12431607040803934,0.10014348042450087,0.18801196570705517,0.08046857719207834,0.40516894991043173,-0.007840783299000882,0.4728701135809929,0.2583075333770211,0.6726593245534345,0.4292065652937912,-0.10512896865741572,0.5535499078346011,0.5538395358787215,-0.14008465716276386,0.07322933902351558,0.1342037424154526,0.2736316406616091,0.09201196529518278,-0.00597763167428105,-0.09814451794180253,0.5363444261389124,0.39720376671449964,-0.021517652826556894,-0.138729214055037,0.3932675890084859
-0.49964690840880466,0.7045475476190308,0.6515534187679597,0.05631875964693489,0.37164522930193644,0.39129775401218586,0.5648082338738473,-0.11291700486480474,0.02196726226289163,0.016856253143255718,0.3995098723664993,0.05713709162703736,-0.20381308555518737,1.0,0.052754078260424934,-0.09496927902079373,0.02322501138610662,0.06512744990978146,0.6127267643181205,-0.30452929081796853,-0.06467157212763204,0.38283165266471175,0.39457298445551436,-0.16248896109157543,-0.1543637657425782,-0.2424710104221354,0.23626501941375957,0.09372259382757923,0.318877140780498,0.45753802563344115,-0.3841068497149303,0.40360397447338586,-0.36731078403220563,0.14120370727527665,-0.12670898132247455,0.07055288731024811,0.45335569532728404,0.1405937253216404,0.5493472814049905,0.11131130062151132,0.0811493875865633,0.20110273619109095,0.4228907754359745,-0.0049599375496156076,0.14909331467679823,0.599127366826223,-0.12056159809765767,0.18856666551567455,0.6444933397763164,-0.07465510760174578,0.457890108944246,0.3196518150446228,0.18395303439507424,-0.020345771739618792,-0.02530734239463231,0.2496408746580026,0.20310655107637268,0.6248424102762071,-0.324017757243123,0.107471966111372,0.350951389935104,0.21958999728640768,-0.1015652192821601,-0.3699841368803531,-0.19440500494763457,-0.087098146926865,-0.282568751533933,0.16251756791361033,0.4708136148013395,0.1923448327620763,-0.2094867527310622,0.6105234052321963,0.13216312299868566,0.2273487027681668,0.24180696771474716,0.22853481074649679,0.39281645654430974,0.40099396639942514,-0.10453569099969562,0.061836206675584045,0.4815945725206974,0.6548572242104977,-0.14935690070715982,0.013072172965044345,-0.1289920437892768,0.07414930758724704,0.14882635482086237,0.13082302463710613,0.1159393856182166,0.08527140050488728,0.3155820171307985,0.04357000089260213,-0.10836123907937287,-0.04305488955443107,0.4262221915363561,0.048479337644319276,0.5585370151762372,0.1635673864853731,0.4944275957198903,-0.011648610357146287,0.3783218571520058,-0.1573421510358444,0.26941076321311874,0.46641501247725226,0.3731513185246349,0.6357823230511389,0.4756584800778134,-0.08002422013249977,0.6816269922896908,-0.11284584515289425,0.10696856110439472,0.2411072005825399,0.1938720775952953,0.37051315257295986,-0.11232530121568698,-0.42578004328301355,0.4196151216494073,0.010100781624729719,-0.11664880706268657,0.19179508459604513,0.0027931761119338945,0.4057410504606242,0.1744985756073114,-0.03895872016295903,-0.35632830861349846,0.12493904249780702,0.3781412485411522,-0.1929670674713289,0.07221801796901098,0.2550835881294883,-0.15216694814110787,-0.14866963143810533,0.44744598920001083,0.007249823740467496,-0.11114993926328275,-0.09243907675495942,-0.08345741955378734,-0.211279181024881,0.47715073345336023,0.3049987473612282,0.5034276025392845,0.04684095126751605,-0.26700667854493865,0.006641292982947522,0.3413116974274221,0.060446416355405944,0.4724419788257401,0.0021773672110242453,0.18502254916851973,0.42416724903864217,0.028040021889682597,0.020317861845300177,0.4662208192421321,-0.06235168773824877,0.13259670986776756,-0.3559212446489824,-0.03291906039264121,-0.15017134394555423,-0.2215657024723489,-0.019656641626590098,0.036068247559174836,0.16263286289167037,0.08869078060714153,0.15772611142902354,0.0544590877573965,0.5964337016616614,0.002589220012007672,-0.04754066757843942,0.3459101736536655,-0.1675161092657277,-0.19539886570297701,-0.017647266901767034,0.01143266685861252,0.751488101177066,-0.17485913140285853,0.07544054177115041,-0.18486003751659014,-0.07604500137755445,0.40067504647689123,-0.47307441237938197,0.1291823988765129,-0.2566279674289871,0.28834307679309623,-0.12370311786984983,0.13006100362744502,0.545715114722184,0.1579232965921593,-0.3652197282803965,0.07455936407436553,0.2827989335690624,0.5381239732376742,-0.0607018834133319,0.46896895281954404,0.25017604011401307,0.07259220180406183,-0.05566539005170466,-0.10758937836242134,0.24131911017068394,0.3787799528724038,0.1534587633063746
0.22483813135410768,0.0480364116917954,0.13958744941773593,0.4178337537705695,0.11789780821519168,0.22267246318585426,0.07577626144085167,0.22275299205077312,0.22825017926003255,0.27381265626131174,0.30227966334615936,0.22663219420325076,0.22863623847681552,0.052754078260424934,1.0,-0.054018094974061445,0.10654824304773533,0.5234214549887288,0.06263670339985515,0.3047833824727523,0.23569691678097296,0.36025624051987487,0.1329257271565665,0.25030656220253883,0.20834123925477901,0.1662747798172759,0.08286893409761124,0.26251588390494535,0.17802512334799883,0.1966659585010948,0.048246215954036824,0.01436549414776713,0.27907037026258047,-0.01908663862462776,0.1318195601388859,0.2580592499217088,0.41989330890376325,0.104975116112613,0.0781485714892307,0.31240558627712295,0.3800713463444585,0.21784541507760133,0.33170908915226566,0.04039317592004721,0.33412158836406514,0.14198667128531772,0.6963690414361584,0.46245420671675114,0.2355097159262047,0.12695048473428958,0.16748285259852733,0.21409466281252715,0.36795634727039866,0.304115395952985,0.2500315151349849,0.028343762189732686,0.0977503555199489,0.20048307357715914,0.27273834207804026,0.14960778274717815,-0.013360304489894493,-0.015974160243720534,0.15024819497572742,0.0649065969267457,0.21237976462131064,0.1947851365399693,0.4217691354720549,0.39873469562900793,0.32970340639555457,0.3224684793073057,0.23048700635769281,0.20742347701080566,0.13489747271569943,0.12166641810798157,0.15836496815857515,0.3581967486674263,0.254286883602121,0.3420820860293814,0.39205704728124136,0.270317589788972,0.1538761776748605,0.14891810434211403,0.2622975996359806,0.4821654186106775,0.12959123521188531,0.1981720411875557,0.14049394876892027,0.07378571511031147,0.23953500885771942,0.2938952510533449,0.27447333244216093,0.44792223811368975,0.07459101395578109,0.46851913561411695,0.021543651452229577,0.36876625322296686,-0.011040215487959755,0.09032237378905016,0.17046656588806425,0.1870879848470295,0.1797648126429028,0.16983468742924215,0.4695441566710788,0.06565287789075104,0.39937453473134493,0.06306719174561218,0.2805342702195391,0.1874924705562257,0.314916776638794,0.32797846058965263,0.39946537360891254,0.26637381404759736,0.31727034676666926,-0.040467942121262146,0.3251974247391317,-0.18132673478425645,0.17153481973226756,0.29086660366134004,0.31666247196089403,0.09983799377466204,0.25470077203839664,0.18894688051697425,0.4423909326271056,0.33872220379142964,0.1317017554156976,0.147623732166019,0.06195329818715301,0.14768555199322034,0.1796073990296345,0.6397304855910115,0.2620221945082158,0.09689024037076598,0.10804316825331955,0.34516665107144257,0.4131934258647343,-0.16662322871572519,0.3393172144586356,0.31815733892638753,0.33378994038793264,-0.038934779062726826,0.03278488649502014,0.19135001263848053,0.0571926663999492,0.2824153390336244,0.22059087336064145,0.23310879948573643,0.07665844283653685,0.6053252463465921,0.10424987526709194,0.0917422632317007,0.0785938194821647,0.4147610529925661,0.24432359768810216,0.10222016675576456,0.4002101998307474,-0.0017042177738702169,0.1259890994941664,0.3366934829693254,0.3515459026804052,0.06759320298123891,0.36477000522731834,0.3620431928496108,0.02360310870679657,0.15038396592236364,0.1673972206136805,0.06450053110369967,0.14787346150027633,0.17214837380275227,0.1684960978690927,0.14989514864417086,-0.18318803081801557,0.24557726668638538,0.1852141988614189,0.13928562793751026,0.16801082980731466,0.3455192421010448,0.31693429875151896,0.4530002923924213,0.3431646237298723,-0.15094040138339807,0.15949889976511247,0.2445374547607197,0.14175593367625408,0.37238599343496737,0.2744508010868382,0.15436070566966256,0.33358855207422916,0.0584510062952804,0.06438513848018179,0.2618510135857558,-0.015100827288729104,0.3920917745662214,0.13000558694266137,0.44147730637167343,0.13925274149593744,0.32523737525727725,0.19210075084792702,0.07984460460906144,0.2851517274164889,0.5104819574214801
0.35236850517502777,-0.21258966437056884,-0.10033200721497519,0.0626896878783994,-0.18503586325665086,-0.2886633931488026,-0.09330520463728753,-0.023623581726133453,0.06247703773670348,-0.08767946165296674,-0.11736345994861029,-0.2560769376468957,0.05033415114931384,-0.09496927902079373,-0.05401809497406144,1.0,0.14006817695730012,-0.3268944660179499,-0.06606519992450918,0.10818967413282142,0.14121588020088266,-0.20378221719824022,0.3075562577068591,-0.010637895216687294,-0.16941841849747122,0.25643418698701403,-0.11660617616720102,-0.0580044561772408,-0.46523130158716364,-0.14798423908358518,0.17045509958834051,0.12260761465722055,0.10885429565238809,0.47748815748286877,-0.015122760583417303,-0.17097613609942156,-0.027645529126696506,-0.13824933880291593,0.04658435066837382,-0.26702532289962044,0.21976802435472714,-0.21922593289510628,-0.22179468064417532,-0.023209103163608785,-0.07640464263220985,-0.2471040463541048,0.12782522939728755,-0.016764298639391613,-0.009800951239198651,0.34440378284977563,-0.08491806728052279,-0.31988277341885785,0.040840629708442065,-0.08226056653104302,-0.09705754647011221,-0.26457617849467696,0.12622521028731304,-0.19105212445062011,0.09668650309375436,0.07805327286507777,-0.11017009748518643,0.35116223638025984,0.5429361519019568,0.25850133503266404,0.025488214833204837,-0.0020505688910458396,0.06399235162988186,-0.1667654577281315,-0.18129551839674082,0.09837732510856668,-0.14100067699467025,-0.10661364811644547,0.07263995569436328,0.1288525281094753,-0.113344085686371,-0.25235216973931507,-0.2338289259472459,-0.040125653580000024,-0.07671605933734743,-0.021006432866293778,-0.3069411134291948,-0.30605624944823595,-0.03843285129529324,0.10642034271900742,0.09509852091214306,-0.3331526823192473,0.09874679345154057,0.23647164954613883,-0.11159012654111937,-0.13346578488831234,-0.31787300460545637,0.04823482557700378,0.2839023745529738,-0.019385438724010697,0.23818606499989056,0.0741591483271236,0.2914720252169059,0.1659964817663345,0.3316230651643973,0.5792865600553142,-0.2718272082910396,0.08285044084723131,0.19116345890209296,-0.0959963802435328,-0.08613430644643902,0.09935494359976377,-0.012672428707516049,-0.006883541724512684,-0.010553157312979945,-0.0462752170638346,-0.0679555289187352,-0.04746211003545375,-0.055980744516097886,0.38762058271483196,-0.14547672594092165,0.46134307162582455,-0.09004801692332502,-0.06609061086585888,-0.0343488554732175,-0.18043728873120335,0.025964581712051512,0.18512848596765794,-0.1236338607145875,0.07100757704462439,0.07073605327182922,0.00345611600229729,0.006476260811398227,-0.13759069806588267,0.03244036706364251,-0.20473970721524978,0.07229064003494196,0.06466875923289453,-0.27760805397405697,-0.15458848961500304,0.05952220847879633,0.47801997601007884,-0.008216153989913435,0.008583528584386131,-0.24042912144928963,-0.25037805548773,0.10931155015506801,-0.07134571706388688,0.46719851059104994,0.010970545890527332,0.09792795708423294,-0.10524618343419333,-0.32013320698213726,-0.11711111054026668,-0.13953528996511189,-0.00032545341688202235,0.19307277265499403,-0.07258555606724713,-0.008759704317788986,0.08001335558857935,0.0424740534119881,0.5908325702890895,0.21568778751014325,0.054075400108736085,0.2969305048800291,-0.02065323361613392,-0.10770107985962178,0.1557983926838652,-0.09254608866355327,0.07478218239982447,0.11230781228449867,0.017293044378555656,-0.298158368348357,-0.286072904762747,0.0634390290041298,0.14131497295731646,0.506131448412588,0.17693499623569425,-0.17729748520382632,-0.15540140074923856,0.04745781392088938,-0.3641259785364832,0.09138143140977358,-0.16474434685573527,-0.03396039948703617,0.40449366242469886,0.007797730472056624,0.11590110898187488,-0.1458356594959516,0.06508957528170267,0.043936102858879014,-0.21363650368213916,-0.10221030666083589,0.26713319448476064,0.465909271994797,0.16506739491990646,-0.0766379764214246,-0.11031777792774931,-0.2053963509823445,0.031149155075745286,-0.13124567558827158,-0.05369463664651823,-0.10680993166237669,-0.10232731142369648,0.2519458397323642,-0.19649571653214215
0.27422746005507886,0.023338701198702298,0.14377394326437773,0.19560850508712843,-0.09113512577169773,0.060189860826879556,0.3447676992183124,0.09624151902902793,0.1972559812179833,-0.011977820521170534,0.13780891043689758,0.20542219128869738,-0.054239369808063355,0.02322501138610662,0.10654824304773534,0.14006817695730012,1.0,0.16575912454687072,0.04670381031079656,0.11686150747946468,0.07414029984663598,0.13514764459987907,0.27927051407772835,0.0420763202909351,0.2863623721971963,0.39318909850233874,-0.12710797417102765,-0.013821436314775963,0.08711706226700261,-0.08441376184206315,0.5219001640422453,-0.019226044915581882,0.14257976988241594,0.32277543820040666,0.150138219297435,0.11131667665217451,0.15464673697327264,0.05224845494326812,0.36114744355874007,0.12638518557808115,0.257566946691111,0.2811012082268071,-0.022272093150088487,0.3003639590185862,0.28588180895067633,0.1209405402355439,0.0469903376566655,0.32379438956285295,0.1803293130190005,0.29246759759557567,-0.2589739472565535,0.2190509037305119,0.3263198436596462,0.30373584895335354,0.008917510854397579,-0.009887633992328964,0.045518291034296415,0.10612631834146648,0.3599346548360871,0.07504121866988427,0.03252789138416264,0.19281009358394988,-0.016950525267784462,0.3610588715482586,-0.11142229621567955,0.10691910586729061,0.22762336273931327,0.07035076466332384,0.18350406366960584,0.30990129606875566,0.32086611893341843,-0.1526316519832057,0.15873492621486932,-0.058787411526073655,0.2713850342936823,0.17389462299131522,0.21737453915299093,0.04344224917675813,0.13610360173739253,0.27142065946135574,0.18359031497994924,0.11555392692489865,0.24636677995689724,0.052946412525320195,0.33321229140656344,-0.0022079497297848366,0.14120912158685736,0.006403525541050237,0.3549986491867973,0.050905637843388064,-0.10365582044905931,0.08781980479984153,0.5177858760350129,0.2571751894300865,0.09080933803679866,0.2069713537905226,0.12719087322858855,0.09232418212985449,0.030243256394866507,0.4092871672628596,-0.04431168015472605,0.31379843112431993,-0.055333634334706824,-0.08377560406919773,0.1437189402198146,0.1307737447623617,-0.02545606060882103,0.26708451701628705,0.028845171093252037,0.27368320718433453,0.18497402224801018,-0.022303995559145535,0.49867083041974686,0.44764522608253143,0.5377752340656096,-0.003806993668825329,0.06286222173055622,0.3566247516700989,0.1331649036652305,0.32887565087184356,0.12003580007644568,-0.040428064456915276,0.01218907651208543,0.5586893935366026,-0.09628235989654282,-0.037535985752915106,0.3677709743938096,0.052585143834457206,0.07422622830284521,0.06188194129102856,0.35277449824885376,0.687617029076416,-0.09255465592242804,-0.10784772741042256,0.03658030967388778,0.2540044380771771,0.10785195492689058,0.44065548483924255,0.10035286843194721,-0.038529195655274615,0.09919427560030164,0.3420855651103686,0.24605585422758103,0.3526102922764976,-0.19912820180473317,0.1996996963305293,0.11488763400352478,0.011132051091595763,0.25751581438147647,-0.15154190243579113,-0.10723761114777182,0.1714692474175552,-0.056382820722541534,0.17523480878999842,0.07471681512269585,0.3053772231986997,0.08267617975022835,0.39943771029138775,0.3662743750059222,-0.016483816678251426,0.019217630772718375,0.12588524958815778,0.31743812243894526,0.6629821126094514,0.10257771091979605,0.47512949158869544,-0.09783315475701408,-0.00356159635018076,0.2195215013665076,0.5125310969004562,0.28401268417269204,0.4541915795768446,-0.05461562282774142,-0.010570666612363852,0.36492999712007024,0.3576095930604892,0.4662568011210863,0.17318736139062188,0.19727797634967936,0.3202115246639995,0.14667135444663779,-0.11325017768514914,0.009229498761032295,0.16356880891193534,0.11349982546067211,0.24669063974712327,0.2337792299030403,0.08494653637921071,0.27640793024631793,0.28539284242408797,-0.1194223234033736,0.43345342619285204,0.09852353657820416,0.4321391098910909,0.39802137590253783,-0.0015155177897382178,0.08982062933346133,0.18255296880140645,0.2525701260787536,0.08174284565451347
0.1107426232624252,0.11669097978711626,0.3218102715363649,0.3958994856179889,0.28467187742745426,0.5704775090988904,0.19250238701302486,0.3509222887289888,0.36634368337634604,0.46760590581763645,0.0820357534107553,0.5090084881323409,0.3034770999477175,0.06512744990978145,0.5234214549887288,-0.3268944660179499,0.16575912454687072,0.9999999999999999,0.2755382386824362,0.2303145086550018,0.29433007666349575,0.5049782702715989,-0.04440116740688016,0.46884135601211513,0.5624268832796947,0.13170565825214756,0.02703198776142699,0.4785646725649309,0.5609968435939903,0.407638150016387,0.2730406253024243,-0.16820943116758147,0.3117466522938223,-0.2781912576083532,0.4265531439148523,0.5821237354418621,0.4962869602422819,0.44066407198049906,-0.05469712193652544,0.6105612055939935,0.41440512446598704,0.5047970249248992,0.18167945452348325,0.14132814654487547,0.6461483576662016,0.3255471447497784,0.5266995796702938,0.6347217684483307,0.027052629148863555,0.049281654546373815,-0.005110180893100882,0.403836142793238,0.37763315011861,0.3002831639167815,0.4717687169827769,0.08295156029851741,0.19553473755560713,0.4101339056026648,0.3594832424448323,0.2593315883301459,0.08561004917508393,0.028715074965098814,0.06758991564632931,0.22181120210045277,0.40923572846474865,0.4339763606549894,0.38580330987059425,0.435618368714849,0.3241992197700603,0.2206368903704269,0.523723290583064,0.012141720016739885,-0.0030390957458215164,-0.08953345689646594,0.3794041403349518,0.6602153516934813,0.15489681588570917,0.11210895051427948,0.5178662397803392,0.48030156956428427,0.4698612714275698,0.16683624481097623,0.3213868380808715,0.1846692651901698,0.29338882022045315,0.3400197330550858,0.05698467093279392,-0.05403735163273937,0.4090983926736722,0.21533253382628345,0.37316366209281093,0.33783060445007973,0.260283144494844,0.47689125704383106,-0.09914013536001177,0.3827882216747247,-0.05812414695989266,0.1821363720564442,-0.13214644816836418,0.08861336131683929,0.20797356618150684,0.09380258111684617,0.29266104977846563,0.017110781538947635,0.45528246109794973,0.08759650183396898,0.128189453298161,0.061795568847303486,0.1360205843530602,0.4644898914455617,0.45033070028755906,0.2909991994705489,0.3160950132736446,-0.16096653518483903,0.3653493923941721,-0.14147504242116718,0.030477215374895898,0.452653908272063,0.4963512391112912,0.2602220640572892,0.3632711101277487,0.090003512986668,0.5682478662012802,0.11744842221315165,0.21024426295997126,-0.02207766603489896,0.2422437379584834,0.5615656414206689,0.16446402702180948,0.4910538017161616,0.16612233355847733,0.25342729821505916,0.13255974780927157,0.44131939332204667,0.2720080703091948,-0.11574726873998853,0.5471548950122932,0.3291688514231304,0.36057334308858163,0.14722963794365862,-0.09438554889082927,0.2594044080017174,0.14388695638108365,0.39031947831304,-0.04265137280872104,0.437493298885797,0.433855679976625,0.5967043343037721,0.24743580945132218,0.09477130593771009,-0.060666298978224086,0.5413825197864991,0.08671752442855733,0.1214194586629583,0.15607952638540343,-0.17758272112616194,0.16311838144299565,0.2700157314023824,0.1974923859380184,-0.056475237214714286,0.45401250925452274,0.24276317161895186,0.4271747290897857,0.3218523573077294,0.007661212406387257,0.1202348024121001,0.3336183542283538,0.4828648970603546,-0.0784740943258898,0.1884034166227585,-0.09502542768821687,0.2882094207111002,0.14201412147866962,0.1927623242128348,0.19916461474240918,0.6366270003895699,0.29137069115393616,0.5005583055453038,0.3481706233604258,0.032003829703507305,0.025151764331778504,0.1181152823417346,0.22256913388279143,0.35858373493981766,0.5079818876617913,0.25577149800302473,0.38668254137219615,0.12710131509695252,-0.1792587939864724,0.3298747273677308,0.07888330562344999,0.4516377622591197,0.30578288971701184,0.4103476768894609,0.24602536408445513,0.19448822761633253,0.5286919788744406,0.2647838429823181,0.16350348677775697,0.6345446249016247
-0.24928024614821281,0.4751128008625132,0.8797127268436654,0.13114921972358765,0.5807772521883154,0.35563871635088024,0.3188188055474801,0.025032792910701495,0.13034721387001133,0.02526640858469514,0.23625169676171381,0.1931638147345714,-0.11700409780699428,0.6127267643181203,0.06263670339985515,-0.06606519992450918,0.04670381031079656,0.27553823868243627,1.0,-0.18873255549647858,-0.009055492120219394,0.6017049363035026,0.08696322428285083,-0.034412284015173704,0.00027331452460944126,-0.008195776113746788,0.060942530593067507,0.08733938290934173,0.4499213799786014,0.2289560235231886,-0.1638431162341625,0.2226801696389014,-0.3327180604749126,-0.03863888055218583,0.05732415550559329,0.20154044108246816,0.5213258394722263,0.17971628586490382,0.29860020756546296,0.31030219813955734,0.24553720048716907,0.18304461734121585,0.12162228261816042,0.03323934360104284,0.34824248897388255,0.588277642248614,-0.08511251514861773,0.49632395981184196,0.40041858360765625,-0.047350873292653514,0.42603685482567805,0.20118790600763534,0.18502025174414746,0.2876351687732757,0.06916055991683766,-0.07106556008693841,0.28779948460806215,0.785548814248745,-0.2376216523191755,-0.031072736996143078,0.20340551473001456,0.33200944206969096,-0.11994624488282146,-0.13214138738511902,-0.10864414240767063,-0.054781499467525516,-0.16221390313090053,0.33591061597750155,0.3642925448972216,0.33117324274975707,-0.011123274185937868,0.45405131947596417,0.0010197370659092708,-0.09589001837823007,0.2205727194822863,0.26072898922666626,0.26744212649035887,0.3302541351404744,-0.10467206518022107,0.15303995103045331,0.6943315087148763,0.3721048883673638,0.025606038343568567,-0.10784749580084384,0.136329763323066,0.04347950336548201,0.3916311846258732,0.0037249279075155135,0.45552533957471864,-0.025089047932766492,0.41093197876774035,0.030349435616891095,0.014574858920632806,-0.10231687560539668,0.11695645861622576,0.07066840650479446,0.5144608416819397,0.12403830394075867,0.06630094067797158,0.16892349983604887,0.2352904654691991,0.02855052978845826,0.28536374004607123,0.4329695388788919,0.5432734093923226,0.4021544801069152,0.293846101726777,0.1750690604765061,0.6996128317503142,-0.02102412328033537,-0.04099983566221724,0.19397202088286922,0.04620749798714355,0.25075413015713915,-0.10321257202788472,-0.3214690162477961,0.30284358184774574,0.037737359302756866,0.007942058232602463,0.11394660326730272,0.0031798108502923703,0.48583924977920595,0.1570348043628654,-0.15301458133721368,-0.2950047358844054,0.03018141795867255,0.2669348015829125,0.025271488939318857,0.14483386907847248,0.2582884806766617,0.019989805384688215,0.012959781468901317,0.32109543342193436,-0.06672239284380756,-0.1761581795857268,0.05942742363266651,0.17671625075273145,0.11979611469625784,0.5521623179048822,0.36427509905839695,0.3096718636157069,0.1716844088308173,-0.00344965902148651,0.1020652428552138,0.1512615165966123,0.14737247451002147,0.7278740689342784,0.0884252342602848,0.06547202532266583,0.32524024749428504,-0.24978235746534902,0.21096220186342787,0.24986711298125755,-0.20344396284415106,0.22882947543089496,-0.2760758274170046,0.08621027140180527,-0.01528826304585852,-0.02346973204430251,0.18323427215033825,-0.07497902323311381,0.24410047773224408,0.2326746832629164,0.05660756440178475,-0.025777179692935533,0.3749008396584457,-0.03722889266897899,0.059407424463560655,0.014573103576112037,0.07550003111408922,-0.17386142558835022,0.37235266661966093,-0.057443509393501395,0.6671033591270147,-0.02750287653597977,0.21337164208749584,0.12680225946818863,-0.09549018849425774,0.6315487697680868,-0.24337509712091068,0.09787671884996726,-0.3209342420288028,0.23981857378768381,-0.16181244417068474,0.08861527676139837,0.37263078272014954,0.08550501461046163,-0.2904151744939235,0.2897022369069561,0.42185600125765527,0.3887897492877885,0.04182423519188284,0.5208286502655469,0.28431119639099733,0.4066712996086041,-0.055235410909465245,0.0472040174813646,0.17794151114191636,0.48793602498747046,0.2475668398677882
0.11881927382366403,-0.2665821753357951,-0.08365180341038694,0.5330920381054595,-0.07359876155340854,-0.039040238882288386,-0.31436433659321833,0.2455746432298297,0.19484268987019399,0.15623470664469127,0.04040853137994613,0.19258429316091955,0.6070157856351368,-0.3045292908179686,0.3047833824727523,0.10818967413282142,0.11686150747946468,0.23031450865500178,-0.18873255549647858,1.0,0.017252984975687096,0.04707049014015253,-0.11995483903747027,0.5541914075240216,0.46443671229826883,0.02872714228091159,0.04579695474093622,-0.027788332415661546,-0.055608007521403706,-0.1517977035026226,0.17982515862982223,-0.3794883269320515,0.6349579290530135,0.15034130968296947,0.42422097763757105,0.18625399216565483,-0.06272928012885841,0.15929493050208762,-0.3229226047123433,0.4655477991252764,0.14870407677338945,0.11198327537132566,-0.17835624965168856,0.13573334583115604,0.26616879576376784,-0.2569330168703048,0.30395793520264236,0.08471435320713343,-0.3670863701018133,0.23467497434165652,-0.36151843919645654,-0.26995244666921897,0.21451167875851482,0.22030280316444076,0.5631028363168716,-0.011854172416607555,0.01292468352791097,-0.13370680214444666,0.7760712368930668,0.15798602347402874,-0.260674967765282,-0.18269857778967843,0.25620507721812097,0.1621217757220101,0.19991693343591724,0.4838101667723754,0.6184759686964906,0.31210361994313063,0.2206579703129843,0.2932672323119844,0.5174181572307757,-0.20746403973003302,0.1688329346749172,-0.07222331092363239,0.03651043664760767,0.2702445488499178,-0.12283159799194199,-0.05958148267554836,0.24358986657385298,0.03279064229443143,-0.018498245694359663,-0.3867265702299354,0.6349869082872173,0.3422712417583897,0.03739459212049213,0.06119613868422659,-0.15334252187784128,-0.06455434271841519,0.30612949225015307,-0.05225486861613392,0.030568814192701858,0.08650709420993871,-0.0325528416368266,0.2886791727072649,-0.2532051293183525,0.1976375967979579,-0.1979796629454468,-0.02167593772147999,-0.22587592264736947,-0.0204192492668605,-0.19925935353437782,0.06769669252224474,0.008627955616057146,-0.1968575432343341,0.3032858787098489,-0.181910769149722,0.09890726378612079,0.18344693840736476,-0.20819023329928774,0.3168861711064014,0.0865119211808651,0.374781339828125,-0.11004129568608124,-0.21639485748034032,0.20817984874229364,0.4170669624756232,-0.11356571888042742,0.15537795060952958,0.6459141337102554,-0.22976387428988979,0.338308215365319,-0.23795547274733136,0.11162959076649709,0.28330109404185194,0.573523532918652,-0.03397428140778735,-0.3671898307038876,0.532844350791861,0.2697891176551414,0.07879682796592181,0.07384096081307107,0.06155568129090482,-0.30997943928318583,-0.03912942160138901,0.08195548625043214,0.017053211449347006,0.4606455327624247,0.2710484420179245,-0.16807238405282346,0.021968661981741352,-0.1727524764511342,0.12205434711260055,0.1421955416760015,0.45466535116824014,-0.20127948324467512,0.37908074921133633,-0.1335860907802164,0.289864737498295,0.23583603622330365,0.0699952856512374,0.261852001454606,0.24878096062865362,0.007253657187765124,0.1937490409290435,-0.12014779743283345,0.19533986704495576,0.030147825933298813,0.09585573766546002,0.13959385574735608,-0.16478466858111732,0.23412610757544416,0.05505865988256256,0.04484857558937162,0.1305677986118386,0.2613540422268448,-0.409124401200284,0.35037600695468785,0.4335362461053584,-0.271738927410023,0.1012941742861321,0.13859838701764318,0.07108709459709037,0.17366392807444583,-0.30424801814790436,0.19021198072047477,0.14003573953266069,0.18253974987082622,0.10211257797258934,0.11363621524686256,0.27794955224623263,-0.05856636871553993,0.40473790349783684,0.015279711803119727,0.6366038580674236,0.2887837252058012,-0.3354448594585321,0.28127062185835,0.45533734937298365,0.01806479593042953,0.09807236497942842,-0.24588646307443443,0.16555599680131103,-0.250996053522519,0.060741234944613726,0.016603477253270067,0.4586408461683331,0.47043941422128854,-0.16476225730031016,-0.0685017172269072,0.30518649745250614
0.09123337846436995,-0.08480362242387447,0.004839640808750861,0.324860519688112,-0.01894177520696288,0.22006932315183778,0.03554635887480453,0.09034239711711016,0.1778571702144797,0.217638194676394,0.0027427984738996876,-0.11199442755745471,-0.08198227084682382,-0.06467157212763204,0.23569691678097293,0.14121588020088266,0.07414029984663598,0.29433007666349575,-0.009055492120219394,0.017252984975687096,1.0,0.05726357280247064,0.2550458777339977,0.09722899008661622,0.0022329635147303154,0.12006986863710337,-0.12433915676201285,0.26853807766022797,0.08225449581559247,0.22406738279298594,0.22986349957705707,-0.004768922976432009,0.09742326176431416,0.05118730534660677,0.24248916002408044,-0.0025850211494326996,0.2977479606802146,-0.12519913748706837,0.011111090579468274,0.007175339392097592,0.3285947817840044,0.13502803171317604,-0.0413881690576314,-0.0071835280830378,0.10028133974935328,-0.009764439545478796,0.304078794155777,0.3058320290167126,0.06992614010830106,0.09384769289065661,0.05373673112926352,0.282432927168507,0.20181023539821286,0.08940662944507734,0.09078127690455245,-0.17504139764731466,0.12950885639926737,-0.00401047226027331,-0.0094846342862682,0.4594175311072285,-0.06967027557983269,0.10145522499320614,0.030195825929106645,0.16558021908783066,0.3876750728816019,0.17620001259969617,0.14176779581418478,0.14663783671301978,-0.03556907971237768,0.2903086186356689,0.0856848642279997,-0.07583934625176525,0.09566505323150457,0.21010356830593976,-0.05598111679547372,0.3100334273398528,-0.058351750147218405,0.25344023230997426,0.34204303047713885,0.16083967219713136,0.03731410788569735,-0.027642938624447003,0.03359405863755127,0.16006916237191618,0.1316670644417114,0.1309397090696236,0.12329794120611111,0.23392844277186972,0.02268642788343707,0.4142922326055969,0.028032881805778252,0.36883441312973353,0.1212489170523827,0.2335092996147456,0.031203542604980122,0.25165267330527286,0.000794590000278366,0.2250359871389493,0.052806582745680085,0.16729694725965177,0.06111633248289875,-0.022506569161889745,0.10876807568692205,0.06387134659771047,0.264606298526683,-0.0698632273619131,0.09784377466474148,-0.030610539018732907,-0.02485205310107988,0.18919428086844192,0.5389717352357788,0.12492322054083828,0.2371973925413448,0.19184936811913386,0.04114788032790938,-0.011220821203987855,-0.030360990760468453,0.2394734409829351,0.1382019305015226,-0.04152690078636297,0.3001871065249219,-0.0036294072688398188,0.4074534639172915,0.09884161897930983,0.13248789583389697,0.09515925004938967,0.20638117171574236,0.09626534837931477,0.380348598175615,0.2247270138684454,-0.029934852417268253,0.17676991303257417,-0.0016933246554570285,0.33219770410469035,0.49078298027762585,0.07738930372524094,0.324183305813976,0.20281625036446152,0.05143494716363454,-0.34728026170674126,-0.08192134235490175,0.030873122957739536,-0.007204464102560686,0.012617234459111266,0.11893351478707498,0.2334376113133417,-0.0014643188925160084,0.1811098119877779,-0.09969299119617556,-0.2167246002876813,0.07180045468254596,0.42391416313893165,0.0602186218367406,0.2494126900176464,0.21243482951257311,0.16994362173439131,0.34145327961445815,0.0075024626766039965,0.056427184133940066,-0.07666815735002565,0.21392964397650827,0.22812569266947108,0.06617090532902348,0.1619058776028467,0.15278275838680155,0.11422352397801427,-0.060483900838578554,-0.159158469084722,0.2758087812010117,0.11163830215597514,0.11823615616407465,0.19814605825773918,0.026355688896932735,-0.009246489823865537,-0.002321458593935362,0.21240969180126865,0.14158222832350809,0.335349778932074,0.22766985231910217,0.09039589596203071,-0.0642546341665681,0.2844207638727911,-0.027754011383140462,0.08277854119784213,0.35145996104662675,0.08276609844291226,-0.013067432116385115,0.05422990715426766,0.006162468130825499,0.13465788157590183,-0.09076851796300574,0.20672801009392258,-0.04392696414690581,0.2812891198665492,-0.17522045024022428,0.03410925049931336,0.07905490963272106,0.20068435358855247,0.28243408028526606,0.24035995159453158
-0.04782658106791551,0.40609479099992,0.6622445318166928,0.25359636768613253,0.7785075784360949,0.56384747176017,0.36065986743404355,0.12963579990710603,0.18173988842750943,0.34947536112277494,0.33297580551185496,0.498085990575816,0.16782739881727168,0.3828316526647117,0.36025624051987487,-0.20378221719824022,0.13514764459987907,0.5049782702715989,0.6017049363035026,0.04707049014015253,0.05726357280247063,1.0,0.12943365840745313,0.19706132837997392,0.38264830538673905,0.06340969473842957,0.09842133630032919,0.16437286356408426,0.6785827445873632,0.24390009065748372,0.08752254523133578,0.070404967962464,-0.030491604805091763,-0.07058149165963007,0.13092011944469226,0.31655031263189004,0.5951874254645768,0.38506560253347166,0.12308269874868204,0.7030772812711686,0.3769950108491457,0.4817361069148763,0.2080048626495012,0.08245061064591051,0.3989473748500389,0.6759506390791125,0.23308805805132152,0.5931187545170569,0.36402179714784,0.2567399259029868,0.5360235275517157,0.3648486632013222,0.2198827824954554,0.26457296641596584,0.41515180198682794,-0.04243610550053116,0.22254271593654146,0.7261874802490067,0.12042623533653407,0.20530603533421882,0.22299370402095284,0.2316949442839576,-0.1373833719339384,0.1840975114407327,0.2370734409157631,0.18338405253547746,0.21022738730954285,0.3237660742794582,0.36907324021047355,0.2771229018062953,0.18943268615764966,0.35599042057685526,0.049917949618062105,-0.20063820477096594,0.5326554345361688,0.5140225535280979,0.24494312199152385,0.262795757481068,0.23974845247024906,0.3712333627192808,0.6507816273980706,0.4279288126854929,0.1443588905877336,0.0393810164607674,0.15720314152881007,0.26235180410416664,0.3334155782963782,-0.0007356752389006974,0.46520003635333435,0.13388126635958783,0.6495337008440022,0.12720782254147317,0.23998000683028986,0.05529585185126944,0.2681758933749484,0.33083325856282253,0.28576922731983817,0.14095655449290767,0.04670012357029535,0.11082040128978868,0.3892764491442664,0.06969239404772631,0.29147585619786603,0.45842147312594694,0.45268920176474814,0.4742329434837328,0.19935760121940735,0.1045817367783489,0.624065635016383,0.1876512971782194,0.3921226291486554,0.2562723109324577,0.3388398558817995,0.12828846226989268,0.26011970264180023,-0.24294930747210067,0.1801920074663957,0.2768185357651529,0.23468171764298887,0.3305486363434779,0.16395128739748863,0.22132182403461276,0.2445333304370703,0.057323933900479386,0.09192633081172619,0.14291087611908293,0.4417455491634854,0.1424426852547884,-0.1018818169009842,0.3213176907689903,0.08544347127056133,0.154075368127965,0.4250571536714141,0.10267489408980604,0.01681429556327425,0.10036905399328178,0.1812033508132451,0.0682084769087677,0.7869068441857584,0.4146852686706027,-0.039763859418578906,0.11596546334788034,0.13490171391727432,0.2286679505162213,0.06054670487279029,0.4193225577597356,0.5973433104633258,0.3335638011579734,0.41876157300939904,0.19749722578335716,-0.1470400203256947,0.30046474357454883,0.23504307817961984,-0.008137829874370724,0.3072903870179191,-0.07511703058647883,0.1341041293552945,0.1854738467312835,0.12500558589091745,0.3406486013461223,0.38771070023725107,0.1450423244935772,0.42102239098268773,0.3024278314833031,-0.014372136025001994,0.4113905618615005,0.32400035975883357,0.3646332618774518,-0.014170378298561331,0.06627326877948726,-0.07026991512252789,0.22860567095479792,0.2728448097110824,0.6355088066651254,0.0813217932640158,0.4065410740234254,0.06853209954352238,0.23317974782778458,0.48151672594531814,-0.08440173041635737,0.3608000207751146,-0.01029152153144122,0.4833065636562932,0.14434930232676996,0.2026045629789161,0.48449225303203747,0.47074480937168345,0.12264534337569494,-0.06872102399829888,0.18317942164917148,0.4896075789264135,0.27522683549665455,0.5404995343281394,0.2351424290396845,0.2435705627626685,0.09848802978571045,0.30703026577892495,0.16140539330620254,0.23398833498718366,0.4567530214375916
-0.15567890174554339,0.37925952936767693,0.1394967566492483,0.19780776321266372,0.0939711327230249,0.35422716236659046,0.5469622140937325,-0.15050488057972167,0.07918507917759465,0.2091700690000628,0.3602957785365488,-0.036950086459428697,-0.13369446551927924,0.39457298445551436,0.1329257271565665,0.3075562577068591,0.27927051407772835,-0.04440116740688016,0.08696322428285083,-0.11995483903747027,0.2550458777339977,0.12943365840745313,1.0,-0.012357555007937678,-0.09122088975518405,-0.07543129309208224,-0.059480242147953825,0.013020486715647824,0.04233597128393378,0.2746798768424676,0.000667636591502363,0.378465437736761,-0.1555024533434102,0.4911133837822674,-0.09203478899930916,-0.014372816192643849,0.2868470799988748,0.10944716975402347,0.381936626154265,-0.015209347746559326,0.3332129815990705,0.4684946890162335,0.19013475935075513,-0.0005852447066946468,-0.04719731845231223,0.2784769253836869,0.24170079325674534,0.20179733549035003,0.4939601686851273,0.26383692174403256,0.1597256636407348,0.19196531564015726,0.2862061148865881,-0.05088903490256427,0.08114720220722839,0.2692396398757081,0.3825126564904555,0.15639489485994387,-0.14110535256420564,0.19045419845551556,0.4648162931650856,0.25591054880196873,0.19748655036722532,0.07766775749781452,0.1395965068770455,0.01671495763437574,0.0007536018910720386,-0.01598557772253998,0.10181234305419422,0.36156660865048723,-0.16859908008115662,0.2503258806067351,0.3442238370931472,0.46764887016075196,0.22321864052286147,0.21619390182957945,0.2983756555194786,0.3396512678261686,0.009681005898423916,0.13189099414416441,0.015143412222396613,0.49542372610395835,-0.06927774676621852,0.2256642321173297,-0.18772847735986087,0.0657303793603069,0.2019665776624031,0.27047900803637115,0.012269394972897175,0.1525466479400805,0.09459438583692771,0.30082176727016324,0.38439252026628157,-0.019843882345676737,0.6922411496621678,0.02706750035328003,0.37486285799402586,0.20868950854749937,0.6635961216837793,0.11277367903542243,-0.006551397141044836,-0.12871989990674115,0.3017189402369557,0.35945382582625657,0.15490646104313413,0.43946788261957853,0.2676953770157771,-0.1696868430798963,0.30961565255858514,0.05769137613304655,0.3624165823291356,0.10023271969414088,0.45777474892073855,0.4966377422275935,0.1701274051035703,0.0022632650892115184,0.25582902746159375,0.27598291941472614,-0.07291549209829083,0.18049382269635628,0.2160398984733971,0.18534902844194504,0.13556084053014772,0.3307052258296623,-0.05916028926555413,0.25150224103055163,0.5214709885291594,-0.30551969391213923,0.05848033546328181,0.21005763681488782,-0.12357801531556815,0.12455084629616414,0.30376552847115396,0.03890047216127906,0.023780681699479327,0.251744463508608,-0.11353023431741309,-0.1743860562348817,0.3093396698829774,-0.09412519030315435,0.3859636414914166,-0.12627070721287748,-0.1304830825177884,0.012380349862320453,0.15611054251180986,0.07534509843908618,0.06442830146947731,0.04183704414399679,0.26317057513369657,0.10415353849375432,0.45907200812246607,0.18032666771820935,0.21209672357679585,0.18153277622001493,0.2333265958872403,0.25135027504421337,0.2154881378307245,-0.07518173711018783,0.04085007271150782,0.0427012257838425,0.22477586003757835,0.28525152516536495,0.1545462297219952,0.4436665449714982,0.33472123311574203,0.5399089147881323,0.15201467792139903,-0.24404109213831027,0.7257611043317352,0.020931794565944115,0.31112852627750504,0.07840069801718871,0.15437555463740782,0.29124153364114047,-0.022079326707504558,-0.035173148228206455,-0.13584453874867455,0.06435318852276478,0.15541538024768684,0.03005080146990549,0.19202401813662126,0.1253789826961832,0.39639285173126865,0.046230345543925744,0.14315860865335459,0.41285850598028684,0.19713115208348564,-0.052149446723145726,0.1738945166106925,0.3944773168579471,0.37475597229354607,0.2296828144321164,0.1648018678424871,0.3263857158140154,-0.12821837861602123,-0.06087127436861506,-0.11320915927875291,0.17906704707974944,0.42141482247534434,0.11579649983909902
0.06240761659425833,-0.21074402137431308,-0.01756475377069017,0.4520160959539781,0.0722456360534127,0.28863571361180695,-0.17157072112188948,0.4811048547680972,0.30503746627556144,0.3712888615536409,0.05836519826979288,0.25286326092572853,0.6155888407715748,-0.16248896109157546,0.25030656220253883,-0.010637895216687294,0.042076320290935096,0.4688413560121151,-0.034412284015173704,0.5541914075240216,0.09722899008661622,0.19706132837997392,-0.012357555007937678,1.0,0.558387338337053,-0.037873691085475454,0.1576217005544885,0.21881500321000952,0.2656604875555752,-0.07541324078270059,0.11040349523383877,-0.2866021413800582,0.6462794660603344,-0.022185673599046888,0.6565371029199573,0.3372570061712542,0.12355337259675069,0.3353354525685905,-0.35171969600933367,0.5395844182952472,0.16710307887694675,0.3457528853209721,-0.0361535079966625,0.13739054831986136,0.46256589727425534,-0.002154697213487602,0.30928261018301656,0.18954448353324646,-0.23947403920479082,0.06137702602691574,-0.15168000844822055,0.03531113444224911,0.14746074836469422,0.14600305137240582,0.6919016789813655,-0.0009516519681287201,0.2640303590023362,0.07923666575140917,0.6033740093539749,0.20373099528114988,-0.06901066328466758,-0.06305380038322338,0.3355185619873926,0.09801861467256283,0.3866551830978898,0.8350980742395633,0.5921387362395858,0.11364213467578317,0.21701765525447023,0.2444053713095529,0.4951231851243157,-0.15874896047703171,0.07492124392619254,-0.004283112066795344,0.1698844571923413,0.5116404500662303,0.0004965679773321438,-0.21174091618755939,0.48247334026661604,0.21860604517133403,0.040895094928514945,-0.14926860905404288,0.5781329098283476,0.135502070729616,0.21916707468712152,0.07329875352757276,-0.064852162375033,-0.025667845287386762,0.35393629081086203,0.026089874803936552,0.05043080362485542,0.11403857850741367,0.11061109943454023,0.3617212096614436,-0.10227891988666121,0.5580422374335208,-0.22180701988790605,0.19946083884217738,-0.17299579635154436,-0.0036804392030857624,-0.07242672714467348,-0.011585713263107944,-0.029830496446515902,-0.08332029956711416,0.2100993328186539,-0.0155332125722557,0.07895156185129422,0.1016422236782452,-0.15410038864213232,0.6211080002976634,0.2123387102185432,0.30418168847666144,-0.014967730034463826,-0.35284524576541815,0.17900466653730682,0.5368162326838198,-0.16885684993021646,0.3083340608522367,0.7445821941821753,-0.06735864522289571,0.6664094095760439,-0.09855827554448487,0.1991733777251258,0.1605426551334442,0.5244074892223678,-0.06431734984836658,-0.08574297564320077,0.7061020459626264,0.11537373877326959,-0.01128348261550582,-0.04563094564935251,-0.03222242438767004,-0.08687625070231704,0.12783226351973262,0.145848117811392,-0.1508163056299267,0.5664356121729816,0.1537849571695347,-0.05378579787441578,0.07654205046312434,-0.09455601795375015,0.10563226843946717,0.3001446467175875,0.4079282185126745,-0.2718812254492356,0.7149951225671578,0.01700580243886852,0.198857127953704,0.24466066205437015,-0.0038550320316543844,0.3860924782842084,0.28988872809733185,0.048790631816643025,0.3438179293030186,-0.20588819192637356,0.057977177887600415,0.2757593922484618,0.05480276327909875,-0.04140188772604995,0.01125679879264675,0.4567584648217055,-0.13720631856037818,0.13573629935051498,0.17338686353421534,0.24433181891903313,-0.2810027416165843,0.41585608199339047,0.5568370133873077,-0.1385723268653304,-0.04817980660097532,0.3267668793743243,0.05266742420411256,0.1278616977192637,-0.13789292241976542,0.14527867765657002,0.21628009287068792,0.06554121967435382,0.3111494639577403,0.002274092492720745,0.4588993918391696,0.04385630706945139,0.451591755124612,0.24990734835190992,0.735334083656594,0.6639403859429598,-0.13722699481060419,0.3069104458698154,0.49735680933016374,-0.22840094865764046,0.024850940336791912,-0.02969556570130417,0.24180556474218032,-0.07515882368525437,-0.02986892951874263,-0.051569094072441035,0.30576266947252595,0.4723805274119018,0.09106380542602807,-0.18651743808655857,0.7141692419851745
0.052866613874497155,0.06577994494000675,0.045856797953924215,0.4080165450545704,0.26152922147439217,0.456681236151624,0.10673473450148442,0.4046348781281886,0.5015755679730578,0.35128586522132005,0.20857459578862322,0.7023823279117689,0.6018888804285867,-0.15436376574257818,0.20834123925477904,-0.1694184184974712,0.2863623721971963,0.5624268832796948,0.00027331452460944126,0.46443671229826883,0.002232963514730316,0.38264830538673905,-0.09122088975518404,0.558387338337053,1.0,-0.042758881132213704,-0.005454351860780905,0.17348488563187153,0.5550350906107174,0.013493264552761394,0.3304555634494225,-0.3815842916773513,0.43876537264615906,0.04015003434635615,0.359925970348697,0.4850743321821042,0.1544438136312813,0.5813935646466616,-0.15586204435417833,0.6758491740966474,0.2721915229251109,0.5073754267965461,-0.023026774332328533,0.1530604184092057,0.4488200230905625,0.22995436008901946,0.2448944424454372,0.33535316173910945,-0.1585160488378328,0.30009343185269083,-0.19517853114179437,0.072507090470026,0.31767349098179143,0.24202757634138153,0.5861502057106567,0.2658544006794076,0.30555631419928175,0.19704603301523957,0.623472894821291,0.4121940523187007,0.15716144932169765,-0.11178548969485759,0.19616893596063728,0.4029911246672027,0.4997977083564901,0.5782942880050722,0.4989675473430161,0.20112129291928638,0.3534133140517248,0.21404963490228895,0.7172714574941147,-0.061401911223410176,0.2715936114875501,-0.1320039244118127,0.6053170882468125,0.5744552446582725,0.2547914901771587,-0.13549826573446583,0.5027659779439494,0.4196490939418181,0.2578278126187716,0.08478727149172384,0.5867599353264408,0.20172280787009494,0.17627181275507317,0.24688770755334616,-0.06907328408522807,0.0635529037849951,0.3641153557515769,-0.07334374446629305,0.29760311402289924,0.09123462348455293,0.31070977208436357,0.35309866107741833,-0.06578959879492473,0.2690748120493426,-0.15881026434091136,0.16705127071393894,-0.1410073022279001,-0.0654184536681757,0.22793953079035933,0.023194878434640128,0.002994498974019453,0.07143854720794475,0.22978268986422148,0.12505255107272936,0.07671048234008794,0.1354691796856857,-0.10893650085695554,0.3612050069707296,0.342825054374006,0.2314981391494575,0.2906236273464865,-0.16671748199702058,0.5515216998944198,0.17276837577909301,0.1050618785590005,0.5187075935996354,0.7346995270503623,0.2801770243723638,0.34204374011434796,-0.3172684585800037,0.2669845747260404,0.31929017072681465,0.6041417779132064,0.08357550892536043,0.10577720386674631,0.5501847427552654,0.05304394532042053,0.09143170846344818,-0.03370360972423497,0.22498500762461224,0.12270499234266118,0.29618560528804655,0.04230192287183996,0.026535634125234055,0.4033825753275896,0.14131504076091694,0.23973546632260698,0.2326802989206685,-0.11641703786022307,0.10578476743937563,0.28746870410502146,0.5781578057366437,-0.25095113883941367,0.6164778714230918,0.21537769389912728,0.3163385894208431,0.5755211666611655,0.182861286317915,0.18093441344519676,0.3876319774189807,-0.06807102459686502,0.36170986524216836,-0.12078261928934486,0.007232258219732176,0.15667776902486866,0.14868880111138122,0.07968569070109265,-0.12386119190813615,0.5510744546888154,0.07049711966250069,0.5118597002293516,0.4043558271097801,0.1256864250769745,-0.06686556977309088,0.6313079410867732,0.7007245566512381,-0.22475039956397927,0.08307194763301427,0.1688808850846985,0.0572191881702475,0.4083471706582252,0.02593617292071978,0.12216670949623683,0.46228920187410066,0.16837580997016025,0.3329773790719186,0.07601238482237543,0.3569159808950158,-0.02077781882668453,0.18365426343703126,0.39820985080415466,0.6074709578709526,0.39691873752199613,0.16427934422906543,0.6460149812104055,0.46952476410666566,-0.2803108087730775,0.19141203261825154,0.14121405102883847,0.4361472087114739,0.2165727244509475,0.23917212854027314,0.10793664299863599,0.40696427945878344,0.5879908106408862,-0.014799577014383189,-0.08631367623279544,0.47607324349741753
0.8323174355677939,-0.30767278420085553,0.0318322190829145,-0.10574992892092366,-0.09681885296396024,-0.2919403918996653,-0.22500855220402857,0.10728186863216989,0.2708128936539883,0.04428413829781282,-0.1767216552798336,0.045468770378369265,0.026056929181469568,-0.2424710104221354,0.1662747798172759,0.25643418698701403,0.3931890985023388,0.13170565825214753,-0.008195776113746786,0.02872714228091159,0.12006986863710337,0.06340969473842958,-0.07543129309208224,-0.03787369108547546,-0.04275888113221371,1.0,-0.14459237782629022,0.012942122740278074,-0.15974462086680258,-0.15248064986553533,0.6315166647704179,0.0003485812209964813,0.11808756085243982,0.15755009107905715,0.12847547007134524,0.016050073014275704,0.10676257654006398,-0.23124669360807548,0.0058880630629711385,-0.01590825578518813,0.29584008149268876,-0.01137844105971553,-0.027753008620726403,0.32932268966342976,0.18062170459163213,-0.1871395511928253,0.23588175839731598,0.28338058784943704,-0.027734640042956338,0.3794287268435182,0.08905413109654041,0.06705428675307322,-0.03582364097104887,0.3881115962803192,-0.010651468747516673,-0.4635835448824563,-0.05737651932015228,-0.10487806155569715,0.22068904183086568,-0.02992265056777854,-0.3749435385313545,0.09140234341326071,0.03705605491427362,0.30374455073887074,-0.03717171476830491,-0.11445039003457282,0.06263822013647156,0.004560316315729183,-0.13564372287217571,0.21800475458895707,0.029679987396356192,-0.13775178051347298,0.04911232258307362,-0.15994678654702646,-0.13521813642398472,-0.12031716165938032,-0.1205019255992471,-0.04552476735637451,-0.04373400215828749,0.270785422923752,0.042343598780342905,-0.28492435760648593,0.04682014408834479,0.0015674514941148429,0.6804354935765635,-0.2190612392556538,0.19467022677718493,0.26395901183950266,0.2341547548688056,0.034806638540830256,-0.08442717125405,0.08373751817575231,0.1807437859137005,0.20571796747258855,-0.23190572113812566,0.2806316410193715,0.08976130134964902,0.25021006170383453,-0.25665538016642775,0.6372492085394155,-0.11780290059779351,0.7793020081861687,0.06159173953255064,-0.2641042925849614,0.11998907978659587,-0.12683631381034016,-0.1527048189762757,0.3237844534257237,0.10289555765118016,0.15244166948922544,0.006097476746127794,-0.184462648293352,0.09874921176263823,0.23298036292479535,0.24742146334923043,0.02762307135096419,-0.25002746738148895,0.027491856629144638,-0.08338848336975062,0.0023899290438987204,-0.06284347018799827,0.21322018779887883,-0.07345286858206655,0.14795587992305412,-0.10144180604530546,0.06562801070816614,-0.036011393854898356,0.020041187979470482,-0.06987714011832548,-0.030740430559611582,0.7783861214009551,0.5576533455561936,-0.20732123885291193,-0.017216129284112074,0.1743479145941707,0.27758535452905814,0.10455590010580394,0.6390647689985379,-0.03903167490742889,-0.13945690902383265,-0.22495061580525658,0.47110559116229733,0.5335998569392718,0.09620227257067866,-0.08932795783858866,-0.08610142049596156,-0.005454356493343344,-0.052425026596552474,-0.03987954952531091,-0.33824457519189904,-0.12094603165166938,-0.08068925120210088,0.08807228666792438,0.1613966999142512,0.13734775092146773,0.49725549533970886,0.24048911440780044,0.7707157325428782,0.8222599288007033,0.21901750491245456,0.050458967303157166,0.20256885140148473,-0.012267058060866231,0.04925469259133045,-0.056774796558478405,-0.023378078655200953,-0.23558887430838785,0.03875109446581768,-0.019372865902729932,0.7570064727344171,0.2063633331960976,0.6392524360559554,-0.214502209758368,-0.1739055092804315,0.7128905825708615,0.12122719203018847,0.660433666277901,0.24272127670496527,0.24816044462996062,0.24173763878870633,0.005902144419488449,-0.029615375797815945,-0.15046557183007414,-0.0018725905227581134,-0.021221681115605524,-0.07732926780976034,0.015180650053193986,0.16577586087728705,0.4645709469406505,0.0649092885241947,-0.321887561666672,0.32733832737757623,0.01699930148554244,0.19781563647857878,0.3226622205583527,-0.03979559391284718,0.12256592220525352,0.1865722379297511,0.1129912246103767,-0.1276267226230003
-0.15004110865981402,-0.02396386202250978,0.0027481951664525715,0.044682364707793326,0.12081159451477007,-0.04987169678471595,-0.13835258832350494,0.004803139140942792,0.06807383815852847,0.14183032651394387,0.2003323038953807,-0.27444923738082205,0.16058713842742547,0.23626501941375957,0.08286893409761126,-0.11660617616720101,-0.12710797417102765,0.027031987761426995,0.06094253059306751,0.04579695474093622,-0.12433915676201285,0.0984213363003292,-0.05948024214795382,0.1576217005544885,-0.0054543518607809045,-0.14459237782629022,0.9999999999999999,-0.07032373073404294,0.076594119227123,0.08245969636100432,-0.26719916311367997,0.05720364380482488,-0.04248864750668705,-0.04573106337880298,0.22980322562817784,0.17425850029281434,0.12452384514496358,0.05277149988204145,-0.10296402978101464,0.1689110581211354,-0.1806784353762877,-0.09747107253072133,0.36648446634888526,-0.02911193122232382,0.18282628476171892,0.004584805316486604,0.038962525656013866,-0.09264832201863168,0.020925871117325273,0.04096556225258732,0.09285089160002213,-0.03517046132611302,-0.013263448152718349,-0.08394426002055212,0.1996570921816407,0.07141384073407271,0.0662094472325408,-0.012578907396883181,0.01286107991321847,0.027485743720325778,-0.09957596947441535,0.0460588319772194,0.14793958174855223,-0.3155195506548398,-0.232646764029052,0.2510283942474488,0.11125239683822391,0.06906950916739374,-0.03667175442475413,-0.1665110827671769,0.0547883363558421,0.2772637844902317,-0.09261878291996167,0.11312391320109697,-0.12146409636678641,0.004939144595322887,-0.04252561848708214,0.2340236765946403,-0.05803111675030421,0.09779332598338625,-0.12185394884852674,-0.03344033826622391,0.18097920787982283,0.1545289937123074,0.004606235898770983,-0.17781810000227158,0.0297964379291336,-0.10797167187596936,-0.05494152333929132,-0.02986465897947791,0.13233543535487693,0.2969681438424069,-0.22524548131240646,0.018337200535672813,-0.018162512450729806,0.11108936180214023,-0.10323121692311044,-0.11230648892206359,-0.02031451704032525,-0.04084378571836761,0.19935026637416764,-0.1631915523299034,-0.05121050624089332,0.013568842752764656,-0.0672026845520609,0.022614061026022557,0.11611285349217022,-0.06696300942989705,0.05538041916151769,0.2763326805191745,-0.018292821349711937,0.2954681672539234,-0.16005131954624396,-0.21632030141450867,-0.2524358912500049,0.16293607949692035,-0.11654213172841557,-0.05786384039782643,0.13802995271363894,-0.03973946111088091,0.10363745792665773,0.042512546216840634,-0.12221719533758657,-0.05369699778984885,0.2797940577848599,0.15485861815844726,-0.23172371554388752,0.19331109732401208,0.07614734847891516,0.11702873872671375,-0.1732832722447934,-0.3503060629053516,-0.01751669104868471,0.051069741860590025,-0.14481373916263401,-0.21756210619490227,0.19297290275426218,-0.1426090740958708,-0.08283031146182522,0.11750784435916799,0.014817550072233942,-0.09878353263917837,-0.06992037533152737,-0.022653922158356155,0.36746573859012377,0.08598065878864322,-0.06189829176352221,0.20960019049330675,0.0007890545027255015,0.008760894352639282,0.2144081584719864,-0.13134399358238055,0.20468815811789565,0.06169023144547807,-0.027276928984147342,-0.08279063326684866,0.03031764208341164,-0.10387793527333106,-0.2470431642488822,0.07459324764727433,-0.040245498645119115,-0.1811515395023361,-0.2875764291100427,-0.030121088802466178,-0.04108018613075881,-0.15905619976401852,0.02026403844145877,0.15211176029775061,-0.054186819102017884,-0.3199980529974571,0.017929905489515875,-0.2253567189280015,0.07089593009575153,-0.04271924662875132,-0.18534573766792453,0.07542795917854582,-0.1858390753245482,0.16606517524764192,-0.027774360182752884,0.025588914677193035,0.1204098555539828,0.2345040639057372,-0.1441310173403628,0.10587682945651028,0.13392695261076026,-0.0645378720121327,0.005066914520460808,0.022087058190730802,-0.25598932830923316,-0.19122865012998977,0.11269168169570211,-0.22074668507008854,0.08290005966405904,-0.04729998693855455,-0.2568024128338195,0.25179922805637955,-0.09142534361355681,0.16514062644645164,-0.172446342016913,0.19363470588806697
0.03757194130512609,0.07393100451795682,0.12021153637959689,0.18661947639855667,0.13627708894875665,0.4244976403407917,-0.007694851412636893,0.20785034331906824,0.2402537832974768,0.3251975381499882,-0.006717895078809797,0.25022343687299936,0.06572152452494744,0.09372259382757923,0.26251588390494535,-0.0580044561772408,-0.013821436314775963,0.47856467256493096,0.08733938290934173,-0.027788332415661542,0.26853807766022797,0.16437286356408426,0.013020486715647824,0.21881500321000952,0.17348488563187156,0.012942122740278075,-0.07032373073404294,1.0,0.18107680078304492,0.24273972884645753,0.24144256951749865,-0.034320442025294266,0.29110534596746146,-0.0021693996080639445,0.20384090644504974,0.41920648169102637,0.21930129715211044,0.3414449757576812,-0.09985399189700418,0.16258740768720428,0.32227276348068074,0.23043829891605658,0.05110384940709845,-0.06329224894707124,0.2646088308875056,0.13695340374533804,0.1897950305972847,0.26047522469956763,0.12491051576397859,-0.02564525785097851,0.1135497501300634,0.15647545726008863,0.31303806278408214,-0.11689657117157976,0.1444182459254516,0.034362536457161315,0.29124613849584413,0.2717988382548348,0.07536313344319213,0.3030436842346433,0.15651325721232254,0.0716412251011455,0.07400164354017628,0.14197788769324354,0.3883673632559432,0.2885644909575369,0.10054053807248055,0.2327054862090524,0.25656972238364495,0.053075973283388714,0.20699036873249682,0.09724410210095445,0.09168929959411545,0.21789238587929344,0.05399214531559776,0.45468915892276235,0.11174216685370482,0.12128605092292216,0.38060139181536745,0.2888288889466978,0.10541912023175803,0.06140426755852753,0.14575076878905574,-0.029461308844443666,0.22367494402047713,0.051180754065657814,0.08028466689065404,0.12893215220793292,0.12243414132274484,0.23253121943219923,0.18282232339754986,0.30830329883505075,0.14688052541805183,0.32007447365248887,0.005905128924311579,0.3052076783883451,0.05208828812053184,0.21461580755513435,0.014117527656013474,0.17087376008893163,0.2038851758586212,-0.06257631036926965,0.40611907871082165,0.0969101608712269,0.23839619962580377,0.18681585004818124,0.16535422957051962,-0.2276917564615516,0.12035389783320218,0.29839278492685767,0.1801815513040664,0.17500482319451016,0.07756036477478359,-0.0850365161625661,-0.00821299562841929,-0.03199551567285166,0.1682940132741548,0.25215630940378736,0.23559201939610408,0.22337173575075525,0.19117633971391004,0.14782177082256626,0.5999976830706736,0.053588194473106705,0.059479578662280895,-0.05679368086069951,0.14101122728849924,0.3479336132745311,0.14864645008988595,0.23914557681852402,-0.0860053082534957,0.03296744814532073,0.1652480369022141,0.6287887734048636,0.2785743697437976,-0.1054642247708267,0.37661339581425574,0.019907671002626495,0.1675326684562879,0.019711329774730148,0.15355532629483437,-0.04547640846713388,0.243109208867603,0.12058347033615202,0.06577096058024401,0.3857640157270226,-0.0014380561779801589,0.208008647585842,-0.065557396582773,0.3060834361056455,0.007158461302897514,0.4679278103405427,0.20761964620028295,0.096866749791942,0.2668604855860926,-0.1413714632894379,0.19989214795682916,-0.011404255577344414,0.09726738407205056,-0.2668242536568933,0.25592584714488886,0.3449025324134183,0.32612764512793996,0.1319297907443569,-0.04988085177780078,0.07501904178054034,0.1529321251386659,0.21092182744238866,-0.013605817506580901,0.00023628069760707883,-0.07409953092961279,0.14731221265342737,0.17852187816439363,0.14945244316103648,0.030011517583308427,0.3554242727889173,0.08931342451110148,0.37428883003301794,0.054461404185348346,-0.03837393318323543,0.1316091706499212,0.07653548907249719,0.09124878581802562,0.17121495138520237,0.570681515381676,0.1708569147067046,0.175111605512716,0.08377028271867104,-0.028325252498735968,0.2686422569398774,0.12756994666242952,0.33153353765612703,0.08459371503643508,0.1066835025522349,-0.0466910723989334,0.13932137778358228,0.3539327829562132,0.32212679536907296,0.1039870633754097,0.3508767641514776
-0.28744549975124467,0.4643105381529027,0.44955275783405374,0.303040892439931,0.5767275031610118,0.7531665263809904,0.3809321711487553,0.12372266968211025,0.36233252321569215,0.31109631031884183,0.3820322648572246,0.6317684879274668,0.2009063404950317,0.318877140780498,0.17802512334799883,-0.4652313015871636,0.08711706226700262,0.5609968435939903,0.4499213799786014,-0.055608007521403706,0.08225449581559247,0.6785827445873632,0.04233597128393378,0.26566048755557514,0.5550350906107173,-0.15974462086680255,0.07659411922712302,0.18107680078304492,1.0,0.31698312157917924,0.024653524589031556,0.11958295976089775,-0.021356149988973505,-0.13540851880904542,0.288097945966055,0.33133610624500437,0.4760406108329001,0.49695675101748804,0.08149011185662101,0.6358242696094687,0.3136102588794358,0.6060199838088539,0.35515878422497493,0.05959781160916941,0.4405081011573635,0.7194939723033285,0.03284888369682968,0.4900857913192087,0.15335284817999398,0.014222085052447701,0.27616841157540056,0.4121552519832283,0.16130324852887398,0.22294243916844808,0.4111595256962213,0.3306871273857621,0.25515683232631725,0.6176246051660931,0.07971458178951302,0.2941148756069224,0.3818387460177004,0.0706030043196626,-0.08287157194405048,0.046582356252709345,0.33521323113306817,0.29366062105597496,0.18872906387184324,0.2677317674376648,0.471658166594394,0.27891766323503653,0.37841959114222457,0.32946380905146055,0.18415898166351244,-0.08569932435459171,0.5859845107227403,0.6404747407273057,0.36299011495366024,0.1932485263592483,0.45168736157416917,0.3683470510725418,0.6564834593482151,0.5229629227048991,0.17655166469541245,-0.05173959451075627,0.07038863608161042,0.35598965449588404,0.2467700020437658,0.06932350211238467,0.4042321721531436,0.109187278354631,0.541739731118662,0.13736668405655103,0.21981543633710338,-0.03080099503068127,0.10608665995649222,0.17666220480198402,0.08058546484916741,0.2050282123330621,0.004003216292618484,-0.13269202870927535,0.474547050847546,-0.04758682176518073,0.15729409543153658,0.36031970527618745,0.4313307443690185,0.26637819016773073,0.22471226539499475,0.028767201530724113,0.32741453361741124,0.25468607789491343,0.5065541321343127,0.16973633134387076,0.27465467065970184,-0.005248129640315463,0.27324338437883156,-0.29111939436458967,0.28298792487272906,0.42075088789326265,0.38382015513844414,0.4029036397649907,0.1767178364744465,0.0012480933674159187,0.38995707878257435,0.01002120582359153,0.1225086227141896,0.09368386386652866,0.3649324537757471,0.22270714604764213,-0.0024522767820411243,0.269605570002186,-0.11442861138570079,0.1941787850433664,0.4940358133488479,0.3088656169837843,-0.008714396993711758,-0.1550120038811419,0.3149935296319459,0.029325281228239533,0.6690337871445017,0.3464938435868884,0.08638351566812207,0.11719721235255039,-0.02771878683268694,0.3133149821556682,-0.0001628784500527936,0.49484984562197376,0.6838947368356255,0.2116816500126999,0.4563901495170924,0.2267795406086854,-0.06866156283910575,0.36924056981401404,0.13628626088412507,0.08601888091042208,0.14742637299966,-0.2736740183376039,0.1331476493918268,0.06319864005622428,-0.07108118608675898,0.1672230875074763,0.4377112254449572,0.006522754051570033,0.41851963015709276,0.29530185871977316,0.13007380421745876,0.29697017128896447,0.4926626888378776,0.4482556818260867,-0.00753103536718919,-0.02404472712474153,-0.15804091545963916,0.11218178811562367,0.3344943905646276,0.5337998492829398,-0.047695929847562366,0.49773325830235843,0.04062892665281409,0.3641821191326948,0.3343882108854281,-0.0937031355668837,0.32004675250751163,-0.031921267979712474,0.45651097632518356,0.265990796936908,0.3006536713867976,0.51431386481319,0.45786536859942883,-0.09725105032553173,-0.27302117809480175,0.09857780168757492,0.4006721226319529,0.26346086267916236,0.5471513572568161,0.23110918846451806,0.15087013842324315,0.14609151586806396,0.27766958118938506,0.3154509961312834,0.09537982725214,0.5193606045605823
-0.3189376424136579,0.4720639640571895,0.2954102491796177,0.1421268847583046,0.18369819814881852,0.47474666044017805,0.38640923343631883,-0.031195769532518833,0.04815543931493232,0.24625318702595012,0.22528685430174314,0.1615833539271383,-0.03890018466150684,0.45753802563344115,0.1966659585010948,-0.14798423908358518,-0.08441376184206313,0.40763815001638704,0.2289560235231886,-0.15179770350262256,0.22406738279298594,0.24390009065748375,0.27467987684246753,-0.07541324078270059,0.013493264552761394,-0.15248064986553533,0.08245969636100431,0.24273972884645753,0.3169831215791793,0.9999999999999999,-0.04035716357340603,0.41480555334205677,-0.15068034322906043,0.07102227803300812,-0.13004460678035923,0.01808182739440189,0.4154927740706103,0.23958531949476444,0.26670334670996027,0.08643339448558174,0.29355489931438883,0.30861718813849953,0.4290910745449749,0.06733959187281348,0.18040967086549153,0.3832451262462239,0.1655480286932142,0.32271641866015177,0.46224155901845826,0.130813074251722,0.29932723947505296,0.40721806163787844,0.11515724024332503,0.15180714652499067,0.08723510848720259,0.2445931496149322,0.08324743019294184,0.3117247980745515,-0.21103688020021064,0.2891734445375183,0.38131592294564376,0.1120959037135486,-0.032904720083970385,-0.08860768435075897,0.194560178647153,-0.10641843585894367,-0.09479060865071741,0.2759618038291795,0.15871341363301097,0.1554578415148598,-0.16059768490005888,0.2815456030591382,0.22565594569582278,0.18153201945116232,0.22994752701582188,0.2747521354522611,0.047328508001466374,0.35982202098737043,0.07177746316250468,0.2626644130915411,0.35006905287968043,0.4724086819955209,-0.25094520084131156,0.12567717762532657,-0.10782330726059991,0.3514919801231867,0.18329230269360933,0.2251389607017496,0.012090628079108426,0.16691369435368927,0.24139745672904506,0.10949117101712132,0.11880104798605397,0.08842567126590178,0.30945635544274336,0.04721083973013994,0.2544931643612876,0.22725060795838467,0.3793112270531032,-0.004468813876593446,0.2828221943884763,-0.16274988148801411,0.37528676802249195,0.17769758397906882,0.3487856069903953,0.2478406006486261,0.18577893263775275,-0.03774798498472811,0.2930523489761449,-0.014280796028690469,0.3965888390922921,0.1406204684828495,0.1662988545885357,0.24034338469609995,0.0390811993228988,-0.4298081198471576,0.24452906304378672,0.2851927238422458,-0.03630456903795611,0.17746805192992618,-0.05472091637033945,0.12718461333312925,0.33919584399801384,-0.21927830751940616,-0.07134804591349395,0.11489308073164024,0.4471256955884317,-0.09336930027684161,0.06279214334860489,0.39624949744532345,-0.07154667640300355,0.041131653336438236,0.3147021341249386,0.3463281474343303,0.09676475412709137,0.014857640788406488,0.03335223388127566,-0.1307311545216993,0.37366719060958103,0.01867366279236464,0.21464849104217681,0.08640710588173621,-0.23631283807779727,-0.1865228074640003,0.2710754121075017,0.08635543718883083,0.2707569584212903,0.2912485849102013,0.047717519966885336,0.305831605818935,0.07602440919417287,0.242559744596213,0.2198372205318394,0.04496906046463516,0.3269444459489249,-0.13850835306550335,0.042099505191377284,0.019380838505085436,-0.04708144485217222,0.05905638846790104,0.33761836887688307,0.2805594829305981,0.25152916086220933,0.2752512252078464,0.0037189870868577068,0.39191964037711924,0.12902100881034445,0.03857204750969212,0.1852946676533023,-0.07323875964194115,-0.1539198806077058,0.030599835452338964,0.12260492407993998,0.441063966446952,-0.11309800142882152,0.24225878212743776,-0.04244820500674611,0.1020002223608378,0.29949687347486836,-0.29050030708546454,0.02146306040340551,-0.009740741192915084,0.2141455518804824,-0.08192141232577631,0.21800639712130307,0.30179776335048086,0.14329281127750257,-0.2556274313768864,-0.017570093836969943,0.3180521891725412,0.33415730465970894,0.1429094627064001,0.35828515895320073,0.4241807889784697,-0.02515556978295101,-0.042848446700205496,-0.00017800079403698673,0.30910568119237564,0.4316139871156726,0.23056802942061924
0.5592142261830223,-0.2715651319360107,-0.060613859544001884,0.07290835893422933,-0.05410549943121695,0.07884122627693353,-0.11991411938082278,0.22979835672331653,0.27505699912651316,0.06620667713234975,-0.15482531345321537,0.24294726491663318,0.14256856577321605,-0.38410684971493037,0.04824621595403683,0.17045509958834051,0.5219001640422452,0.2730406253024243,-0.1638431162341625,0.17982515862982226,0.22986349957705704,0.08752254523133578,0.000667636591502363,0.11040349523383877,0.33045556344942256,0.6315166647704179,-0.26719916311367997,0.24144256951749862,0.024653524589031556,-0.04035716357340603,1.0,-0.11625686793786909,0.3094760542087953,0.20081357094682925,0.19102224922092442,0.10851518569349453,0.08283371861518164,0.11308000649772681,-0.2086378307472042,0.14134347204169131,0.32162298958744223,0.13007808587903244,-0.11543156027948041,0.19682413243136673,0.21052891183292716,-0.08861431302678151,0.08233240572004,0.375591493499462,-0.15856893096492955,0.4681207962221071,-0.067554610865141,0.01436655794007661,0.09674026225905454,0.27652319089777677,0.13745156511412335,-0.24133626807104536,0.15168205724747938,-0.049166604043547765,0.4053495170632949,0.17131642521478063,-0.11038836560794267,0.14897863015926632,0.05297092580536112,0.6294102103280395,0.3506679201053973,0.09650863640696347,0.1858850380150593,0.13219309099694754,-0.1331670866364481,0.1510775904970251,0.32905713550294663,-0.2791816508267628,0.17990464095683492,-0.08366844619553228,0.0023880054216737136,0.18367646751112554,0.0035630131776140978,-0.06545291917738237,0.2469811407430381,0.34351736435370694,0.09843212483247817,-0.199069572106554,0.20310640522658988,-0.09715574975715427,0.576003058443845,-0.07464653039387022,0.12705231993757202,0.22675665731455735,0.2794498531158018,0.1371623670546478,-0.04815627882761396,0.0924010849276955,0.5074418687226433,0.16238469592209767,-0.20120413370540555,0.23109622554752166,-0.009348722291910848,0.3332829590003552,-0.2756762680587799,0.37475528807667136,-0.08257731372485029,0.4601464014878109,0.05869262744488925,-0.1630364285436891,0.12048752320316662,-0.07652932620683475,-0.3381185048410998,0.15558568565890568,-0.12147902787677371,0.2439530300047704,0.22161372910399893,-0.11977074937570689,0.12617826705440202,0.17142954777149658,0.5056267875568388,0.18491143051031392,-0.20018399175560966,0.2990057585451019,0.18289843142581863,0.14133761339569487,0.03407034573137243,-0.02983296812947905,0.08893658393836024,0.23916885314773204,0.11196441332359429,-0.005832302072087019,0.11484395809099247,0.22139012176140718,0.08097149515350882,-0.06029274254525458,0.3962753382725827,0.734235132362846,-0.07814292105067505,0.19975362009554393,0.03848670332184186,0.4558866154661197,0.19793882953698175,0.5093325832332688,0.0376234836009294,-0.22791161203118357,-0.25613512446580833,0.3413212326974167,0.48121244141399333,0.22281462677808064,-0.20495160701361412,0.13966097321997806,-0.029277029905890477,-0.05512381100023812,0.10292188111884078,-0.18608259167383057,-0.042433572268093495,0.27294318610748036,-0.10132824895778321,0.33882398448243745,0.14546056697001386,0.5417825971045842,0.2975024253263248,0.4994540427203205,0.5957026600234104,0.03907390481518253,0.1776472375678643,0.18415176128734048,0.4473533142520937,0.2678764013642188,-0.09080180159386646,0.028458568079357507,0.00011998071239180357,0.16736579423997577,-0.06842461155541056,0.6638268066267226,0.3584725945274106,0.5338489622952133,-0.022605118895371246,-0.25402247379685367,0.4922141777564355,0.32566456930802384,0.5242166901726798,0.2894017859354627,0.18150762956818214,0.5317596450924211,0.11993307167116209,0.027716531176803123,-0.09702383141231669,0.11069434122990858,0.20555487585573345,0.005072294118007614,0.18395305464030104,0.4660570362118958,0.23880912290797696,0.1389018411693726,-0.19546556760759112,0.5091042819603669,0.019162611099693937,0.24964414876789714,0.23223044532041823,0.09883171868670006,0.38943797951955283,0.15679110642409086,0.11973505493253328,0.06524474072912911
-0.2197430311010283,0.4351629809160592,0.15648782980811937,-0.16450341498439314,0.21990812924658018,0.1274429454086595,0.3806970414379128,-0.16691964737892942,0.036143990854120664,0.09895236413097797,0.3316106066708775,-0.0860828324205556,-0.19868357932021108,0.4036039744733859,0.014365494147767131,0.12260761465722053,-0.019226044915581882,-0.16820943116758147,0.22268016963890142,-0.3794883269320514,-0.004768922976432008,0.07040496796246398,0.378465437736761,-0.2866021413800582,-0.38158429167735136,0.0003485812209964813,0.05720364380482488,-0.034320442025294266,0.11958295976089775,0.4148055533420567,-0.1162568679378691,1.0,-0.35216840061818067,0.2998144737090557,-0.2511298687312368,-0.18835567305508982,0.16837060861083947,0.017377862724705664,0.4470604148416555,-0.2060828122898034,0.21236453556090287,0.07640238048117365,0.5697508932826044,-0.10723112751199484,-0.08518677566342925,0.3083592499904673,-0.06586562317903688,0.16776891925131088,0.4843850764043041,0.0033838090714123845,0.4187466951049144,0.20718564759168337,0.054334213922228765,-0.06948021669458375,-0.1945773482985773,0.2011794193800641,0.08393300809780098,0.18523069334897083,-0.40865898065030465,-0.13533975043243612,0.448271303002123,0.3246950998356918,0.0001436039938605049,-0.2321697633804709,-0.21676525061837665,-0.3340918432055197,-0.28893948334452435,0.06147664550340291,0.025241744124493364,0.10235815812537577,-0.39058271071566153,0.486335306981365,0.2546880584526798,0.3178729764105176,0.04094717408010655,-0.07751037999219593,0.1822336626311481,0.46228528560837073,-0.0408448759848077,0.1074692027515038,0.12272161433869665,0.43670417823390256,-0.32287469467185853,-0.033963064349749904,-0.15283356685229363,-0.05135476365895192,0.39498393782915187,0.19339878318950715,-0.19483825919774916,0.22425333341776585,0.21400352140622816,0.06943149600468003,0.10221611392280477,-0.18602516968720015,0.31431100398467604,-0.03788833903172731,0.3892410328054771,0.22254738958553077,0.492013741039637,0.23434806251523418,0.3309154621486234,0.11838341639004128,0.44816966352359977,0.25526208920568855,0.07369146110585668,0.28268142525918705,0.20900168660872068,-0.0543141417528631,0.3972869663989276,0.017539315438391722,0.10522234872384306,-0.057059816393195684,0.11538177225973763,0.409114783958407,-0.20512751958873712,-0.385453293398895,0.32922568185396967,0.11244103833854109,-0.33996062689330886,0.18445513836119112,-0.2779752551048325,0.3745008396644928,0.09307036280676477,-0.09587573212719037,-0.32228133354034477,0.05921653592433915,0.3371488318098048,-0.45492398924241406,-0.1442330687653847,0.1128473100598068,0.025794492262219547,0.12008695827011133,0.3418862198606425,-0.0126446556266084,-0.12895507872506112,-0.0544414521516051,-0.23465682294623294,-0.2292364615515292,0.3484983804453577,0.13115485033451987,0.39407267267042906,0.018836843057001652,-0.10390061921173832,-0.1737679301646822,0.26450243788964567,-0.21232148571253293,0.19561307369577718,-0.10787060564291356,0.00576957138180093,0.19472527486136462,0.08385534069199714,-0.028825549552271044,0.2161552921086365,-0.07856088340601916,0.37832617297651966,-0.04083163500519666,0.03621458988326275,-0.025713892407462,0.11709107896329257,0.297853452157236,-0.03403929128037982,0.15254630874352196,-0.1428362819181973,0.16904690557419438,0.20010369409589435,0.42201810118017985,-0.16253324211820894,-0.18963608161081305,0.3239802639271073,0.034063051190245386,-0.06585847896475858,0.10099326831165642,-0.004872065985649558,0.3634411630683584,-0.04419762978776612,-0.13535855321651258,-0.14016658082131095,-0.0735525763299136,0.07128455988537528,-0.17529426800674333,0.4798944606893502,-0.1949842482814265,0.025487761097425145,-0.29926421509442974,-0.06562409249906966,0.3321808456767714,-0.02340604316919126,-0.4520537851058455,0.2715805761584258,0.17374249164443883,0.1835849609931274,-0.0048027967557717,0.44624368792955005,0.14299552579440755,-0.08038567700291613,-0.10981807424625849,-0.46988893984878205,0.4219850190555125,0.3495327315617213,-0.036728196646699726
0.28231875188700634,-0.3886358059958603,-0.2035388207389158,0.471070519709887,-0.1652437325728152,0.1223607897279643,-0.3342617622722113,0.3524576258214807,0.2400552234451559,0.22101557624091092,-0.13154444505529014,0.25494745730725954,0.577068106318526,-0.3673107840322057,0.27907037026258047,0.10885429565238808,0.14257976988241594,0.3117466522938223,-0.33271806047491265,0.6349579290530135,0.09742326176431416,-0.030491604805091763,-0.1555024533434102,0.6462794660603343,0.43876537264615906,0.11808756085243981,-0.04248864750668705,0.29110534596746146,-0.021356149988973505,-0.15068034322906043,0.3094760542087953,-0.35216840061818067,1.0,0.05124150530627201,0.5060249047830722,0.27506118904524074,-0.04209075274999224,0.27113998171183773,-0.3962095195658532,0.4066127179555674,0.20304754949028878,0.16942712194825416,-0.219566297058932,0.08137276629199708,0.3408712816044098,-0.28651639335618,0.3314720581221878,0.09955388689167127,-0.37918045031924086,0.1310364237884616,-0.3227272744876645,-0.11811798157071417,0.11136338143011189,0.06918338460704336,0.4905811734331541,-0.0686285041187247,-0.027218414197646226,-0.18185536843142786,0.6776506568881527,0.17257721305965104,-0.22902269503887743,-0.08041913022048383,0.31803165809808154,0.36951548924648464,0.4176998128344363,0.5789749267443309,0.5426835681603949,0.20809241341958115,0.211906229766446,0.22862860060945145,0.42688084844345414,-0.31201027228627476,0.035883030908593926,-0.10135699194944518,0.11125861841999479,0.36322938413243655,-0.03193659196036442,-0.2468513841225784,0.5120112991825989,0.19479692398120593,-0.12327271986005288,-0.438407107499411,0.5338597606236567,0.07888268184191044,0.24731633412716553,0.057067564754981356,-0.10873094441646612,0.002906008933355282,0.30848192108638683,-0.00746660714360912,-0.08189658415970373,0.1830660025190203,0.15735974763291305,0.3928171905765659,-0.2338938442047752,0.39321115747943086,-0.2683331195774645,0.09764344127314291,-0.27163751232122807,0.07082300699139904,-0.18403042120905494,0.060060605395244424,0.03991108552473175,-0.3927928235739957,0.1837791822228933,-0.1583547570522684,0.1539462919180838,0.10044769369622945,-0.2715233583443408,0.5080903462250269,0.11594957278837045,0.22428516333836454,0.018210520725080503,-0.2968151992429936,0.2425609261407207,0.49183543965825144,-0.20695355276346525,0.21655529851574995,0.6218387770993646,0.05154350112534927,0.3204507087266433,-0.12111043426311116,0.26067659079859123,0.3405959271575254,0.4853320121731587,-0.15322516977230055,-0.1970749302481545,0.5969775081008201,0.13346602156311294,0.030830744465777243,0.10394738756393775,0.08580012633688952,-0.32564742140538483,0.27330605229368965,0.24612387552897325,-0.04491067830408264,0.5883095160643009,0.3334648540000494,-0.19602993672438013,-0.05052353131405756,-0.2329969982506313,0.11666880778529863,0.3709938587114749,0.35759121016837514,-0.1994507038452229,0.48395623289759715,-0.29060816436485554,0.1039713934601007,0.1347967496868788,-0.06354572626885126,0.24654357061142812,0.24288453074321043,-0.012077961661486428,0.2205130774836734,-0.08851947765215638,0.26687305987453175,0.18159982345760814,0.17691484227687584,0.22646609268085144,-0.11751238118581417,0.306404463653212,-0.06941091867744972,0.2038753031632477,0.09797356993335866,0.0477372138639388,-0.3433925456699459,0.28201195252052824,0.4567894630749266,-0.21101741953274733,0.12861623759600868,0.212192022526767,0.10350977591582651,0.023834176006086737,-0.37681896085960903,0.19949976216865045,0.12434305692226835,0.3120726881935212,0.28162932498441684,-0.11137378515088989,0.4004729988886345,0.12563836433237574,0.40463720689981303,0.012794312341719738,0.6171882013370362,0.4745151779473237,-0.20777651922480653,0.26036004042258465,0.4951096736706184,-0.0008505290557877655,0.06448254926095155,-0.2955884062024037,0.2714627746277341,-0.21390837853722788,-0.06721319468723182,-0.02771620059909455,0.23760010662140102,0.5194554201456834,0.0037181818885794003,-0.19548143380483451,0.3738529348900728
0.06087984889250888,0.28453617255015784,-0.05594166702429076,0.0408514102279369,0.07141262138327803,-0.0020539858071060104,0.2030039173687147,0.08000752973518528,0.1472987549807074,0.16402462297423268,0.3835869060045614,0.024760937171453362,0.18404460396788838,0.14120370727527662,-0.019086638624627762,0.47748815748286877,0.32277543820040666,-0.2781912576083532,-0.03863888055218583,0.1503413096829695,0.05118730534660677,-0.07058149165963008,0.4911133837822673,-0.022185673599046888,0.04015003434635615,0.15755009107905715,-0.04573106337880298,-0.002169399608063945,-0.13540851880904542,0.07102227803300812,0.20081357094682925,0.2998144737090556,0.05124150530627201,1.0,-0.0715546799385927,-0.15764942860698697,-0.014163256465554252,0.04787761751550588,0.34414178639868237,-0.034755918506230006,0.18324592184112967,0.10609160413833621,0.2184875257354128,0.15000525503728854,-0.04479534748865508,0.0037035875557382934,0.02856535590113205,0.028495393150050854,0.3499094596160242,0.5533299187069255,0.12486209337905589,-0.23431138041834765,0.2506109701226784,-0.002588420436336628,0.13142442740939106,0.22749195269880126,0.2387260599283212,-0.07638434065901852,0.12819834418961337,0.3854907980353964,0.3044551577979702,0.160044865055227,0.28942020771168914,0.07294922578533436,0.02103161797317563,0.07088713018535116,0.01595611754139874,-0.16938917512826804,0.06801064661312371,0.20962422254334054,-0.11447663333753723,0.2731912648681812,0.6528060042162199,0.42687795021301134,0.15647073760510877,-0.04927788956173428,0.1351565797388178,0.2214435698238427,-0.0659767516269263,0.09196627829708583,-0.1578647273240172,0.16160449002344113,0.10081637729350643,0.18813793818750735,-0.06855395913298384,-0.18124942298575278,0.15556791100343711,0.45577616256002057,-0.11993602102022219,0.08525735489792971,0.00477326137996653,-0.06875575137581717,0.2342271145968702,-0.008192067298949291,0.3646791061017509,0.057582097133276625,0.37882018143331586,0.3255122610000083,0.48159839918219927,0.2460101425450142,0.1569447048539649,0.12286698061399172,0.22777305187817085,0.25476889057828783,0.006347615533687087,0.35848499756344443,0.24285797410226787,-0.06937678103226692,0.1788202791362819,-0.06410360717163123,0.10817787084249086,-0.007064285900209614,0.1615838457195449,0.5172555835884306,0.15818074700196527,0.18958761191991888,0.2752020269059954,0.1801371015103098,-0.003472658553270793,-0.03382525364079721,0.02871981111896119,-0.0066005938826463545,-0.03619858414045445,0.24904558024329065,0.17882004051087702,0.2799253998809436,0.2011406546992528,-0.2432961066772698,8.752672219602086e-05,-0.08110221846560385,0.01351717407791876,0.227424421683749,0.13673305469623537,-0.06795101267085171,0.08664310544074576,0.31146537602868957,-0.13686132839594578,-0.05659173297317687,0.05890917132603723,0.0457188284941204,0.431404344364253,-0.04429066428647894,0.13915947452762778,0.17997392999508227,0.08184383683192675,0.12130332863318327,-0.15324910123202493,-0.15786241539278192,0.26858617071234664,0.2699493465388257,0.47755734398842453,-0.037159458133162224,0.34722818086922264,0.22935228053373236,0.01645310484520581,0.40268745260671424,0.29466981877912696,0.09605443350329192,0.17110474727149574,-0.026368793043476543,0.11756177420549657,0.1634024901671926,0.009660455889975246,0.28490351751333237,0.27770822040742665,0.19508260954664083,0.08600252606095313,-0.037991038295195775,0.32373712000682486,0.08583206999332897,0.44049222293004586,0.08880759552653406,0.30610736583215326,0.11822263535331659,0.2075999907450109,-0.09555415565783702,0.030893120690163218,-0.07313371498288974,0.01290830672250229,0.19322337104733608,0.1299984570806975,0.10432617096357497,0.2519314565022072,0.12045522657673265,0.16579609362023515,0.16391914407141792,0.2544802974430935,0.09569597732585321,0.40956619923915594,0.19594310589646788,0.23505475720039135,0.054933237849536076,0.19792069110252974,0.18077053762316445,-0.1331963086967278,0.2300572621403243,-0.14852106161302098,0.015627737949701844,0.21803652619494557,-0.05763623272561478
0.14339652877697373,-0.2437012721093562,0.028772451368739686,0.424561121452954,-0.03147359592295373,0.2426890863133521,-0.19323951951456209,0.438801351675235,0.42763096422446256,0.27394556946822407,-0.00037293087015660996,0.05199685945148504,0.46616717846683386,-0.12670898132247455,0.1318195601388859,-0.015122760583417301,0.150138219297435,0.4265531439148522,0.05732415550559329,0.4242209776375711,0.2424891600240804,0.13092011944469228,-0.09203478899930916,0.6565371029199574,0.359925970348697,0.12847547007134524,0.22980322562817784,0.20384090644504974,0.288097945966055,-0.13004460678035923,0.19102224922092442,-0.25112986873123677,0.5060249047830722,-0.0715546799385927,1.0,0.3613472293046436,0.12542942063336635,0.12680647777229317,-0.35309673927497687,0.4042349282243551,0.15534508204072753,0.23939663945281034,-0.047521284678627825,0.06662491095259622,0.5418730767009888,0.01566555666622649,0.14546949181194918,0.20656450645015212,-0.3032239284919765,0.027020487632554532,-0.21943628148497166,0.10772122955873344,0.0902912954991164,0.051672568108288894,0.5642264994032565,-0.16772472020680054,0.15202428328720208,0.12106049016858107,0.5241186612868084,0.06065217293165217,-0.16515910560516842,0.08087567654022543,0.2617184818811047,0.09230456056234577,0.1846602109145574,0.7378364743444343,0.6111880460479375,0.27060935619498405,0.14126547130059744,0.27329014794368117,0.5247344171339279,-0.0749004061130506,-0.026317415729360916,-0.08656588275366559,0.055603797507047074,0.47037242358728365,-0.04083517537212949,-0.10552612958495038,0.5576761674514417,0.21076542522080619,0.09880830853767054,-0.23307269117160176,0.4920571640222383,0.06267271792849367,0.3267000726922803,-0.016399961477640092,-0.007798499074380319,-0.04110166729345895,0.38344085563528474,0.12129189602293201,-0.046833253018999856,0.237004003066225,0.0896599452669964,0.2531274916129224,-0.17525853624694493,0.45064769204488503,-0.22034171285114548,0.1700798661385055,-0.3143875364291296,0.12824726658754668,-0.01535539809883366,0.06438770122513596,-0.061323931581241206,-0.1517509055024115,0.27373920701506466,-0.21530054159026596,0.019187950339922828,0.05246226108401813,-0.16806439041951896,0.4709408110812145,0.23231033159031594,0.20500747313647608,-0.06835584393657337,-0.21316568014029103,0.06806774938992617,0.48422703264980516,-0.20614719617216534,0.12087991410122666,0.6661766556418056,-0.08082466619843542,0.6161682064555374,0.07447608525860035,0.29575054415228885,0.23131950765314216,0.38777346018367537,-0.18777782365408258,-0.1583510742417017,0.7009297909092889,0.28193466775553194,0.0959918064169152,-0.012119483505819142,0.03685169126602755,-0.1670029735586967,0.2556346803506868,0.16955777941846248,-0.11508369429364709,0.7352367600378203,0.3388297919906187,-0.06875651602510703,0.05559749510663134,-0.1576769664628648,0.089034450156498,0.2622329608773255,0.4013207131054618,-0.10686004620458797,0.6171263588033146,0.12387929603433552,0.2324447033792761,0.1190793343306633,-0.1225708792708126,0.08970259317578119,0.2827516722829971,0.07934821554788532,0.2249613564686507,-0.07074852839191267,0.1414861502998589,0.28297463873627404,0.09150909925339296,0.08233477703937556,-0.09291795962304958,0.20285615430966109,-0.07317116962375615,-0.026004048667419156,0.052845292135106046,0.10906778430824182,-0.2620947457524326,0.17207927129842976,0.30447057432067254,-0.15552198786979088,0.02823985943491677,0.33212822274635667,0.23284007257209405,-0.019224172845621466,-0.14195557400675302,0.14686687547732227,0.3092458922895408,0.24639512064870683,0.3505602846778149,0.1256789939116766,0.4147527876216912,0.03703316298016728,0.381481414413465,-0.028863598224367154,0.47526750305710824,0.6759871493907379,-0.1020643450744327,0.12776754190857467,0.3218880837202818,-0.03763765175286121,0.012148791820346855,-0.13212445499878175,0.20245390140094566,-0.12441417017033586,0.08866667907086247,-0.013063646821928336,0.19289266823819606,0.3816900462980792,0.16166712221034907,-0.04902129322255754,0.4928542369530596
0.0705266027662814,0.05183583809947558,0.2010816157407152,0.34896997709375166,0.2889137551838586,0.4488239215414096,0.2028102082553249,0.23863984907309976,0.4182743414774022,0.4940816542532412,0.025321327376029285,0.3959646924431349,0.4118526741577396,0.07055288731024811,0.2580592499217088,-0.17097613609942153,0.11131667665217451,0.5821237354418621,0.20154044108246813,0.1862539921656548,-0.0025850211494326996,0.31655031263189,-0.014372816192643849,0.3372570061712542,0.48507433218210416,0.016050073014275704,0.17425850029281437,0.41920648169102637,0.33133610624500437,0.01808182739440189,0.10851518569349454,-0.18835567305508982,0.27506118904524074,-0.157649428606987,0.3613472293046436,1.0,0.3054430874816439,0.44293075199676896,-0.03839348434309196,0.4903719401966309,0.350409229826118,0.41419353500535766,0.003250251133697437,0.12043711573196708,0.4722255075652228,0.21505364955562523,0.3242443201524735,0.33081374845448897,-0.042258801103860176,0.05780418510754473,-0.10738392794057194,0.1368163672517115,0.3825578944909159,-0.024960343926340504,0.3783858420669631,0.13573683347141377,0.21197450939026763,0.3237659106957838,0.3523608500024104,0.13610592408292058,0.1037002245522727,0.09096913879031909,0.24180906440398056,0.16168347056727697,0.26452220351817185,0.44577040710604915,0.26078809404123926,0.34563346537815337,0.32513676963721666,0.05262544908360055,0.5455311804426171,0.15017150930996848,-0.07276000157140142,-0.15562298797961993,0.3838761042507062,0.5734458586607164,0.31228348223160196,0.055956794254825644,0.4443773655972422,0.5889743855644572,0.1862332044582749,0.035322475508526144,0.4988988308328288,0.20289396820701283,0.23418139376859276,0.10655030141370293,-0.025569001148904834,-0.0003626692879128375,0.21306341199605303,0.040163414477677635,0.30142709191169403,0.4728067155397543,0.27522702653204895,0.3849908565967195,-0.022515426245386907,0.278376647606861,-0.09814617439826709,0.19526685706580127,-0.09621241215707872,0.13959731209268103,0.10315710084472075,0.07772594038204324,0.231035513782288,-0.01482466907561787,0.21252856746734672,0.18949862594698091,0.2865352145027898,-0.13462838620127654,0.12222193317707342,0.38862554966540025,0.1365126708868324,0.32870486648688746,0.32326723091485565,-0.19257263627174148,0.19028135513613922,0.10039547800926814,0.021188542366450163,0.3106292820032074,0.4831515097402006,0.41064745357103616,0.33786831863632183,0.18782020022279608,0.5119112410094776,0.2604284277755836,0.2854078288712329,-0.013927668627792534,0.07204770362705042,0.5361139211668505,0.17048093758046962,0.3818675782747372,-0.05353182467580059,-0.01498239088613541,-0.008346985522990225,0.3454194911313119,0.028425154169321586,-0.08380139360680439,0.5396828647832409,0.09528351419072865,0.24336379282995158,0.24795095265101638,-0.07058409820633049,0.007704718009405027,0.2993916005049245,0.3806017031343817,0.07997500563691705,0.3518831607071517,0.2561743151183241,0.43788688390794345,0.3511321589976286,0.141593512146337,0.12053443262713372,0.3652275391914428,0.10504494300704495,0.02488949526314044,0.13900867590679422,-0.06772002194777307,0.11468619623532728,-0.017040436948177664,0.16412107551694805,-0.30979822904164994,0.30526379936227527,0.28136987166969846,0.3161145914323184,0.19975880709026414,-0.0707601259114764,0.024283005275850342,0.3531314400239824,0.5424868775503906,-0.169225988308125,-0.030734245313805163,0.03435113037851269,0.04820850969899907,0.18485087557980223,0.08025722074836071,0.21830654980325515,0.40412548095828765,0.13388913570878225,0.36994618515946676,0.07829185741545307,0.17001292435216284,0.07958705014852847,0.11199061919010646,0.19187943535813223,0.2610007663397939,0.4011392631549229,0.10317323495199103,0.41752493591996387,0.19598530741564552,-0.1354172396194146,0.39336142638551275,0.11306655685920981,0.39075882404656576,0.30080883591971413,0.14141441876900926,0.2155174057205315,0.17437975002894043,0.46403131788834734,0.2432644836726016,0.1092744757934843,0.3675696713644023
-0.07285575073106007,0.24244473255975443,0.5622255299308074,0.4485835543438651,0.45023552744439627,0.471110093240929,0.26512895435459743,-0.007421156423458235,0.3226939083876969,0.24796628335190654,0.18670196871343045,0.21273790544141868,0.04764704954155741,0.4533556953272841,0.41989330890376325,-0.027645529126696506,0.15464673697327264,0.4962869602422819,0.5213258394722262,-0.06272928012885841,0.2977479606802146,0.5951874254645768,0.2868470799988748,0.12355337259675069,0.1544438136312813,0.10676257654006398,0.1245238451449636,0.21930129715211047,0.47604061083290017,0.4154927740706103,0.08283371861518164,0.16837060861083947,-0.04209075274999224,-0.014163256465554252,0.12542942063336637,0.3054430874816439,1.0,0.3108631103196232,0.09473596222103461,0.4048538322814207,0.4189072617493585,0.3251157122364018,0.22558315596601872,0.10137069617498858,0.5202435841237695,0.4387383625644133,0.23268152646464807,0.7229481495270689,0.3243389853407823,0.11983612019240196,0.3470997847204995,0.3964118209889814,0.3187260661435005,0.3043412684719296,0.21216907761719547,-0.07285471753177883,0.22764860546911309,0.5724688812716487,-0.013393606265462307,0.21510433734391218,0.15220542157214723,0.26775327266821364,0.028673038975818244,0.08308394423839097,0.29249012017014653,0.10318336803271701,0.1486491362079056,0.5368604232849526,0.3500571751506416,0.4394832634432414,0.07851265917272467,0.28408249792672857,0.07044788605754122,-0.05241809849614562,0.17385399007413355,0.3511021136656716,0.13668234131483603,0.40610677291031694,0.2379529953685189,0.3097268933901596,0.4585786522711454,0.3018141152577248,0.02647522554313501,0.1355990205004354,0.26687643713698533,0.2162719804371366,0.3940852460269024,0.176058674056714,0.3484050470190736,0.09231097061324753,0.440647143790085,0.37694217156136167,0.14028749126943155,0.13029488998826724,0.23924769496349793,0.1846504230617755,0.2589948149769792,0.18659199129301487,0.053590451273331965,0.20327055640651817,0.17863303926707721,0.10828767909274349,0.3413557744361871,0.2660433810723564,0.578353614561806,0.3229872030898811,0.29084888712501034,0.17292320615561382,0.5605855114000262,0.19683393339948493,0.4576838342678697,0.38237624996699965,0.24474920292820185,0.14507083231037848,0.19704699587628458,-0.17451392399683863,0.044925080562212484,0.35648109145478046,0.15870505757785555,0.1979085839974606,0.24389690060570862,0.3755921649469904,0.3554332377333684,0.030303376718775487,-0.12091406790833234,0.051267590882268045,0.37160040866811345,0.09759407423911283,0.18259895118653216,0.446527495746,0.14196734275368278,0.19776449173658234,0.26082978791836847,0.2575574870356545,0.12979346826961732,0.13394084264513942,0.3915330426362356,0.22160354207812355,0.49866060901913417,0.07536775682778842,0.17017269740951663,0.20945438686404366,0.12306269328551377,0.2015865178924954,0.24513442530494173,0.30570540971278587,0.4131702815209803,0.4046309974795917,0.08368655027484855,0.15221704792692947,-0.03303685205608197,0.4345784771460878,0.19527838536970307,0.1071815261134433,0.5287201127405547,-0.020667152561961166,0.210793075015365,0.18105200156972304,0.13200919394312913,0.1576149560261007,0.19163948405176895,0.36378712259632107,0.2988319500420759,0.36382617060957384,0.0006663430974174553,0.3882736374257533,0.12699758338498016,0.07832358864804967,0.12917316484793182,0.1976572502940979,-0.014185306572759866,0.3738125579091948,0.10692277395497495,0.39787596283297955,0.07171888414411677,0.43447132025369256,0.16784077852719018,0.21131133284349202,0.6622271694110742,-0.043015563650393,0.1496607573708189,0.010680930247245065,0.20857146274030644,0.16200247401899975,0.27494542333930855,0.275927899604818,0.2452272279010252,-0.041669374124515775,0.15238197948118265,0.37357310584938896,0.29517594325604923,0.29433695127176474,0.47824174184338425,0.5544510311824155,0.23442732134476396,0.11425617279502072,0.17315100811794687,0.40967871238303827,0.5901649329877905,0.4099045982886292
-0.20626039971137566,0.25955102942388175,0.23898649912755257,0.2092455123713895,0.4328465900899196,0.596890443466996,0.2727003773398668,0.15968849503659033,0.21694446934894557,0.31142176453217213,0.22196087986864346,0.5707614195384205,0.3235845991427063,0.1405937253216404,0.104975116112613,-0.13824933880291593,0.05224845494326813,0.44066407198049906,0.17971628586490385,0.1592949305020876,-0.12519913748706837,0.3850656025334717,0.10944716975402347,0.33533545256859054,0.5813935646466616,-0.23124669360807548,0.05277149988204145,0.3414449757576812,0.4969567510174881,0.23958531949476444,0.11308000649772681,0.017377862724705664,0.2711399817118377,0.04787761751550588,0.12680647777229317,0.44293075199676896,0.3108631103196232,1.0,-0.08997140388988414,0.591832215079926,0.2666957362628017,0.44905988064948077,0.12159434447017865,0.04413171125021764,0.36331414617971614,0.3736539342841405,0.13802759177653068,0.34971228110026115,0.07017846600921442,0.13299007940866006,0.050490323153752105,0.11683072351893839,0.2746108553061866,-0.0009935701785777308,0.3791914095297782,0.33723471321587134,0.43082226992387973,0.32583954252652025,0.23181064053525727,0.3067259031097929,0.47393671836489953,0.11273359635062838,0.27561119292084046,0.145279965742009,0.3583951953827008,0.3339706558521026,0.20205218904383404,0.28758975836132317,0.3097445516579861,0.07100579688736096,0.3135188452646946,0.19541611940584572,0.1917038655960555,0.03622419528436859,0.5254629331576645,0.4875418756449688,0.3438913681819086,0.006855553162433997,0.2941929238914191,0.3382875365740703,0.2791389706495946,0.24679895200207438,0.3317543326474642,0.08825813516190621,-0.02714007652281605,0.1684795210217135,0.10077574906654788,0.09215212234505031,0.2244047803028152,-0.011821960355538811,0.3871986456576604,0.13559963647719342,0.26435454441394696,0.1907322461165912,0.20543567132623514,0.11902796502619412,0.09297598074813652,0.21539245706120347,0.05101711651979826,-0.1059780307351674,0.29639144815348717,-0.1977482879425004,0.2916986646450177,0.2987483010023957,0.1881241116709651,0.40857217088741843,0.22191263489740784,-0.062835459010698,0.15501407628453684,0.3138765394894868,0.23277217298158703,0.30749349107438156,0.18696127367743207,-0.1716489976449491,0.3086067382859963,0.024222943934560207,0.19250691706837503,0.5376270626601747,0.38860425268636056,0.30745137291770114,0.1423967256166824,0.04146189095807168,0.38778780140703845,0.0398046979777119,0.30201999936245105,0.11617663453029074,0.26906983080530444,0.30622629661366635,-0.019885963827527567,0.15084205689543914,-0.2135721588624041,-0.027995345984908118,0.40002478508872324,0.3816819821752107,-0.021186197559808814,0.018312184755887025,0.27390548249913577,-0.09366687416460087,0.3986307743002993,0.24225354767160973,0.09123121525758328,-0.12944609084923245,0.11993182442532685,0.3526880600485551,-0.057334189002193864,0.4038789895860695,0.24529901944774998,0.2703299862651903,0.48252621487449887,0.4354522039071483,0.13723605943621744,0.3823452405013743,0.19953897428001302,0.08912123772586088,0.05409992254318686,-0.17714861759302566,0.02435782747678626,-0.08152122166344963,-0.06088709578506005,-0.10728947656820673,0.37665461448474047,0.20294703389808896,0.4585147593311859,0.3976310287732779,-0.009327469775570323,0.0807472738226233,0.5297477418471973,0.4444904276612719,-0.06990195270677559,-0.12872720581225555,-0.018013044982737543,-0.05741434705007564,0.4569333930430725,0.2460846111108886,-0.07089124036202687,0.3968953472181711,-0.04317929149118946,0.12778811325409448,0.014986459291994237,0.11042274283400888,0.21871999775442927,0.07786807774751876,0.4563874056412592,0.3236344681367327,0.33333836248478615,0.303985855662521,0.5286611776082242,0.18945627369515833,-0.11023117592755344,0.30215844290258587,0.40164688502683676,0.1875105072810834,0.34274269057011586,0.15037116999381128,0.129433825545204,0.31370803503935685,0.3708021600352122,0.1055903039965105,0.050715433840540565,0.32900018563384403
-0.1593583866616611,0.6551308703762291,0.2550123212515966,-0.12699192276171314,0.09332782019746191,0.08242036610999207,0.7445905751019379,-0.10581178410950551,-0.10200311201149775,-0.061984219396099605,0.43650274462885064,0.14296015271009777,-0.28884533800651246,0.5493472814049906,0.07814857148923068,0.04658435066837382,0.36114744355874007,-0.05469712193652544,0.29860020756546296,-0.3229226047123433,0.011111090579468273,0.12308269874868204,0.38193662615426505,-0.35171969600933367,-0.15586204435417836,0.0058880630629711385,-0.10296402978101463,-0.0998539918970042,0.081490111856621,0.26670334670996027,-0.20863783074720418,0.44706041484165543,-0.39620951956585326,0.34414178639868237,-0.3530967392749768,-0.03839348434309196,0.0947359622210346,-0.08997140388988413,1.0,-0.13152536859615366,0.07626988035665952,0.12569444071186506,0.3633129781470617,0.19262852363959124,0.016693133906193643,0.3662858870351716,0.05141469213475106,0.09544126344238373,0.7329989111311235,0.06967728240424424,0.17424403978283648,0.27243239816325626,0.33196489276701346,0.04670984837740437,-0.23115107512521235,0.2904262661830853,-0.035937775985594056,0.20637199557822655,-0.23940144647520636,-0.0004728601288074862,0.3409819749594734,0.096912745429283,-0.22050208240102204,-0.191032886969959,-0.36004702974275443,-0.2544607306997471,-0.24679515408534963,-0.14650306726117032,0.30642003108830285,0.16856624632261602,-0.2273582145963634,0.40433299739252765,0.17179114024687295,0.21906679690527417,0.36490966089595345,-0.04031284788912079,0.33672201221267617,0.21980824437543994,-0.22450287827839024,0.08473918883960727,0.2313947076115286,0.5909349741647681,-0.10192805912396846,0.1778557087654842,-0.2807262590216819,-0.09128227266093064,0.032132869964799395,0.0917587711654775,-0.06012034865035534,0.1201250351865465,0.08817369470240985,-0.04613065335665745,0.14556317467276683,0.12410941375270701,0.3848384265761011,-0.01984469873750337,0.4521580412686947,0.11939908217768085,0.6684073857354863,0.11992164147188926,0.32911587383126867,0.07021594966047053,0.11287820263119543,0.26363392837830446,0.07526431534130079,0.5325114391256676,0.4245412843849458,0.032069599541618726,0.3761748805916027,-0.16637553883619177,0.007888815578149565,-0.16750717178800703,0.5821398046356762,0.6070316624268465,0.016914546598715056,-0.5192916843064145,0.5459833184527999,0.04932069500624455,-0.27041196062877876,0.24512274216293453,-0.15128879621792218,0.1443781154974203,-0.035427438811586616,0.21369894016780275,-0.37283285600812144,0.043399771000016775,0.5071196664060701,-0.46036288330684083,-0.09476166216156537,0.11698843212372455,0.06078541256517662,0.10549762060244605,0.1978730928319153,-0.24184247257319916,0.155551199110904,-0.037050746554910634,-0.3265202696482588,-0.13365263506803887,0.3022141999337227,0.2811519395949146,0.43243786498009823,0.07316012539018513,-0.26918573335249346,-0.006941190396150507,0.10593855872697952,-0.14728159275627173,0.2945887698542872,-0.06998823599769743,0.2625221646020851,0.24084233264110452,-0.05544065686907458,-0.19249570938199762,0.2762888422897443,-0.07541023393664975,0.017579728775001066,-0.2071590562812923,-0.05561890579702233,0.07841290295165251,-0.010042434380087308,-0.018501218840713523,0.0033952923957969133,0.058295884355167686,-0.013283222479788954,0.3238817545081034,0.18303154248939923,0.6950803748936218,-0.17245612569796703,-0.17219183835356522,0.4911072288121645,-0.012546078272383515,-0.09639279143997871,-0.023103741761804613,0.030351423774422622,0.5096295122001585,0.11847799694113906,-0.04716746158008222,-0.04623356556765489,-0.05872437159426837,0.09857304353781757,-0.392105777980173,0.06934073805826445,-0.35743876343638936,0.21742991822882177,-0.22464044013220355,-0.15094295833861138,0.5163158724556017,0.10230588939706488,-0.4060310868067982,0.16453293060973215,0.2799300845964206,0.24341515715260953,-0.011088629240990718,0.40806998448552667,0.29333491148165647,0.1504860088412434,-0.13466985984769278,-0.3355651976407031,0.06726953943451726,0.2821911756008177,-0.09306629751630603
-0.011131451660009247,0.23091699462490894,0.36211323599614165,0.47878419746828754,0.6084224587531966,0.5120759346797912,0.14025495266897992,0.3125138526900809,0.31910520145823795,0.4540556021298791,0.2630365633482639,0.5955537257412951,0.5769328624441669,0.11131130062151133,0.3124055862771229,-0.26702532289962044,0.12638518557808115,0.6105612055939935,0.31030219813955734,0.46554779912527644,0.007175339392097592,0.7030772812711686,-0.015209347746559326,0.5395844182952472,0.6758491740966474,-0.01590825578518813,0.1689110581211354,0.16258740768720428,0.6358242696094687,0.08643339448558174,0.14134347204169131,-0.2060828122898034,0.40661271795556736,-0.03475591850623001,0.40423492822435514,0.4903719401966309,0.4048538322814207,0.591832215079926,-0.13152536859615366,1.0,0.2569858310754237,0.575952072959536,0.10682403749246493,0.028989602722732603,0.5392406130115555,0.3135005884035996,0.26322853005685243,0.4768612519829397,0.0024136055579856586,0.2390979771117214,0.07225001286056548,0.118731233435757,0.3227474788683638,0.18130010014975653,0.770800394719363,0.17273900935552777,0.28563343169449756,0.4188065086633424,0.5457060928066975,0.28295261497874863,0.17274509776296876,-0.08070000161878865,0.08228251960907515,0.19392531423836323,0.30118166991706646,0.5270298686347739,0.5011230950994893,0.39096443617372434,0.4822166077590259,0.2932303130032256,0.5215026957608302,0.14889339164438972,0.14343268293359995,-0.14177489462900028,0.5475933512848038,0.5988715573070273,0.23401464507762404,0.13879579524823166,0.4456571334920782,0.35185736963400427,0.3945421062320913,0.08973136357112957,0.5576543210911977,0.14526785773353748,0.12388988554491737,0.26900554686769745,0.027124219745990726,-0.02006575682065347,0.45986465265915794,-0.0035858076356777542,0.5935313981110624,0.22921842854599495,0.18889978559850848,0.2182595181222161,0.03652152820557582,0.3870023297315646,0.07480268896700462,0.19786608197078068,-0.15888383702160627,-0.10344099989289936,0.30263369773428855,0.06715341881148315,0.18739876948007766,0.24693657480892106,0.4304903808849995,0.2936696586751035,0.3205497370969022,0.07147145910775426,0.24853784231444256,0.35866821183910236,0.3237243655345515,0.4875998392482729,0.22650471765059105,-0.23180162312869274,0.3543490811767393,0.03523623274394183,0.06555018068489828,0.45573791166426936,0.6319376368883954,0.20132873762603085,0.3570942664998123,-0.0461977682363721,0.32961604550724705,0.10571048149996072,0.470770148666223,0.1306909066272979,0.13772657599870133,0.5113536331044454,0.05357057729863037,0.25635033872906265,0.07566168056834342,0.056788111814821865,0.2788115094048498,0.16782093364247902,0.0692270967776559,-0.07028471381276397,0.496416180311412,0.13167952561610524,0.4328815681364965,0.3845432995611284,-0.0859974523188766,0.02693959352042659,0.19973967404793583,0.5231454023680807,-0.08095694891458657,0.5881147229190701,0.3532230549634641,0.4034115345222,0.6208218419938875,0.21708955677270544,0.11674631735900608,0.4163111011371446,0.13900801019697215,0.12980129998980502,0.07914490393784578,-0.11114583169190087,0.21213239191733751,0.19775156136372596,0.06164964616769131,0.03247042377248744,0.4712231094457197,0.058474771004866956,0.3928117025923079,0.3212304153806259,0.11253021807851525,-0.012628823503158745,0.6642683843508403,0.7040929735683163,-0.24521231358041076,0.035791148588833366,0.01527343632920087,0.04505809619117896,0.429963723887275,0.26092373124864543,0.19542286379893786,0.4781938181377437,0.10047342214686189,0.30778911776366974,0.30494450559538966,0.13489561149164853,0.1944724998267889,0.20407500868821649,0.42703789727807534,0.5388383873981996,0.33880707373065966,0.262473212571543,0.6320094796757623,0.3180176832050225,-0.24671309175116707,0.18815658109538894,0.3226020756986909,0.25630197201757193,0.4242659967298566,0.13101693798191724,0.06028555004829955,0.3998860829828966,0.532905883413469,0.04905816248425942,-0.019837653428227593,0.5786193079371416
0.2699199916703695,0.06817489087138474,0.3445910560729663,0.345268179971113,0.19406125077751174,0.39698851727791934,0.18810463043180506,0.12053112847222004,0.4643990799009446,0.3929243051207819,0.11060695476098215,0.3869760860978528,0.1211940912181589,0.0811493875865633,0.3800713463444585,0.21976802435472717,0.257566946691111,0.41440512446598704,0.24553720048716904,0.14870407677338945,0.32859478178400436,0.3769950108491457,0.3332129815990704,0.16710307887694673,0.27219152292511084,0.29584008149268876,-0.1806784353762877,0.3222727634806807,0.3136102588794358,0.29355489931438883,0.3216229895874423,0.21236453556090287,0.20304754949028878,0.18324592184112967,0.15534508204072753,0.350409229826118,0.41890726174935844,0.26669573626280163,0.07626988035665952,0.2569858310754237,1.0,0.429628618232951,0.06277259391646703,0.17742061814739274,0.26503613022299854,0.28579260180444804,0.3547409144937994,0.6056525704771397,0.1547882081453339,0.29677695123494935,0.20955930427242106,0.23080702428274644,0.2246114811232254,0.3235216878570783,0.1973518278122324,-0.07041364435393316,0.29022333489104757,0.33979728320468033,0.12538144772983462,0.3027690844437087,0.15836591735165,0.4501300864527635,0.2084636036134838,0.3871742995010725,0.387845705011321,0.08824566451089681,0.11724119063662859,0.2121256233656812,0.27259125172312976,0.4169852613895036,0.22056445418906084,0.08813457186865395,0.17339256106719286,-0.055773645215144545,0.33497974957993,0.4426297089238163,0.23188312711223716,0.27173987847210307,0.3012990689802423,0.5375482674962967,0.35234018524018546,0.11168764502258785,0.161090729916132,0.055569681425225066,0.389117164090928,0.19151547636676214,0.38198012066613757,0.3496967349719599,0.33782971004487083,0.22446540581641122,0.25040275445562876,0.37046314815289016,0.375745831041342,0.17813928753183975,0.12163384982548735,0.3809464565038517,0.2560210146525238,0.34932026382288633,0.12079633930517907,0.5206698451340125,0.026432452531771906,0.23078857006142028,0.5383346537510898,0.03463358151983015,0.4631819780573148,0.30534726874176404,0.2621449592563319,0.1399422940844321,0.34216452143732057,0.41423622803166177,0.45763507904089373,0.15739525149638595,0.300343733464947,0.31894996507326423,0.29922355197764927,-0.014748860201359647,0.11372338334902031,0.4032449254987669,0.21611291001828226,0.3827480009562398,0.08447953154189614,0.2588554616543806,0.43642320726183137,0.3304318987723167,0.15913425239493295,0.1898098608057537,0.31858039099617325,0.15398878122973975,-0.018178803777274426,0.4219852556065412,0.2231479707064312,0.3725149123101299,0.07140644442130603,0.3192492520072974,0.024467812818034982,0.19974291061324767,0.35724188686226754,0.35281520559607615,0.42504141144438107,0.0007744425848363156,-0.053317979215620155,0.29367491663428474,0.34095090052868793,0.1701869574759548,0.03903657940749551,0.3068398842811253,0.26332566446153516,0.24491010822674478,0.2113696520882569,0.1019858265411994,0.14005686748419632,0.3884260994517501,0.12622239234828828,0.2185338767744943,0.5703915759395166,0.2900993715626937,0.32529983196342016,0.3335526551375752,0.4756170026583027,0.14986625499638515,0.37621240287090846,0.4753137239064982,0.3792088676768578,0.3220159640554171,0.16940549362108726,0.3108810844545802,0.16821830429301157,0.22216275240877092,0.11014293066150052,0.3722239616848606,0.1388332352743035,0.5345395538621599,0.032532975789215365,0.24956140522259687,0.1585404269245824,0.27403752583632524,0.37758784733986167,0.2124064431147352,0.3159971285835287,0.16596466444514646,0.37885748351245946,-0.008017823261128517,0.22682339217148348,0.11217346044860138,0.29604265350455583,0.2890267241322568,0.3164828256588729,0.20168577351622596,0.4119264244254185,0.4981222664417011,0.10314928630249116,0.38169063771016387,0.2995291263574345,0.4456818608003652,0.2204231893767925,-0.02147671635326943,0.3879502042942448,0.45913064128134784,0.48952758783633515,0.2871060539143378
-0.09862132775638789,0.3998133305534487,0.2311906549919128,0.3670704862458549,0.37288858863462293,0.684406336125834,0.43374466187843513,0.07532662257378944,0.2927619205326576,0.45744885690921117,0.3639737489683265,0.5615778470813755,0.2680772585894477,0.20110273619109095,0.2178454150776013,-0.21922593289510628,0.2811012082268071,0.5047970249248991,0.18304461734121585,0.11198327537132566,0.13502803171317604,0.4817361069148763,0.4684946890162335,0.3457528853209721,0.5073754267965462,-0.01137844105971553,-0.09747107253072135,0.23043829891605658,0.606019983808854,0.30861718813849953,0.13007808587903244,0.07640238048117365,0.16942712194825416,0.10609160413833622,0.23939663945281037,0.4141935350053576,0.3251157122364018,0.44905988064948077,0.12569444071186506,0.5759520729595361,0.42962861823295095,1.0,0.09524017231783177,0.06344622971297646,0.27852227198226853,0.46044305247958645,0.32533165170177153,0.36327999419235524,0.21326118140194328,0.18819309433552694,0.027574076839040618,0.4345206390137527,0.3204424411648023,0.11471284759897682,0.46998148683498686,0.39482516153095565,0.3173061606095072,0.37706228479259757,0.23710833605134723,0.280081803119207,0.43427757470828815,0.013856172740277723,0.1272524235309733,0.22405583471148302,0.35301097079216376,0.36000169787074215,0.24678420689836217,0.20180553998143472,0.42211864680793454,0.414413602988504,0.3496960945385403,0.19908612776167042,0.35616863549976807,0.10117884283261358,0.599230415750022,0.6925373290711396,0.4177134119499526,0.12894257201931358,0.36326420929037945,0.5387227104254463,0.325773135148083,0.4571190428911368,0.28301352190733164,0.20472980613121602,0.07187333601442883,0.46604624918261817,0.18190044607750017,0.1446570919143372,0.3108059646470156,0.09645395838889406,0.33080911434309335,0.315740805330744,0.4352429917552678,0.17546079295863642,0.3791567772691228,0.20384273607974207,0.10129064079947935,0.2475101998270038,0.1449672489547752,-0.005996223103504252,0.19196650053139516,0.013532597364250228,0.2632558755299908,0.23978150609356785,0.3737508348706848,0.2722933617670135,0.254760383255325,-0.10157985955403015,0.18125906314364335,0.31202661081347616,0.48234355643525295,0.2269776286907146,0.5283624463685741,0.04884280010696303,0.3508030509253117,-0.11494382059349281,0.27906040207927596,0.5494201232964306,0.3767823436861332,0.4133591509977919,0.34376836775706976,0.031093170787449484,0.38773356501603573,0.3111601411264679,0.2643622345909286,0.21341371466847106,0.43557335291652355,0.20277351364557328,0.059072336969391424,0.302212064107323,-0.048991977865772314,0.20744264953323904,0.36341663271785435,0.3053829311108744,0.045814812986109864,-0.05489719157133495,0.2706082583751572,-0.012627121070480366,0.5177252583315781,0.23742136923238238,0.17009274359242785,-0.00896750320770088,0.03056289690051663,0.3043475115895782,-0.10159692351508143,0.4891056808111738,0.3687100363966766,0.3069370928028616,0.5317691624257803,0.2089656737457422,0.22809132888011152,0.43121599295620255,0.10720659819604034,0.1996065906433057,0.21454738219977007,0.017338028419746004,0.15589783975145036,0.1049185398419992,0.13821899805261711,0.001960369364333265,0.5611019469843156,0.23845463656738483,0.49521545584023435,0.4944756179380615,0.255801309072135,0.3379136409332195,0.6010529866341346,0.39016055639149333,0.23747328949846097,0.06950886902190517,0.03442852404508213,0.12825599317889486,0.3380826414618508,0.31991955951050416,0.1326127903133949,0.36774019185193246,0.04123778792820609,0.3582140452863867,0.2365942693882436,0.06177260988094304,0.24251981480872734,0.091811449995809,0.6341073322471998,0.3585945777180493,0.36437457362610143,0.4570960177690115,0.5549338155880855,0.014862619015875777,-0.1751287626349199,0.38034664465088536,0.3154882098449203,0.5647774288390409,0.3043568136052284,0.26978155590524994,0.04126614223281524,0.044622401753371226,0.31864020139125104,0.3222259569244495,0.20526953235618847,0.4719044402250923
-0.1731698647312626,0.5101397619897984,0.09448121850607226,-0.05340890557780136,0.30159637983543225,0.2366754883213503,0.3470015137355408,0.14678103588646096,0.17897805678420145,0.24718385916590718,0.5688097604153828,0.048367665141711716,0.018971676875776212,0.42289077543597453,0.33170908915226566,-0.22179468064417532,-0.022272093150088483,0.18167945452348327,0.12162228261816042,-0.17835624965168853,-0.0413881690576314,0.20800486264950122,0.19013475935075513,-0.0361535079966625,-0.023026774332328533,-0.027753008620726403,0.3664844663488852,0.05110384940709845,0.3551587842249749,0.4290910745449749,-0.11543156027948041,0.5697508932826044,-0.219566297058932,0.21848752573541283,-0.047521284678627825,0.0032502511336974364,0.2255831559660187,0.12159434447017865,0.36331297814706176,0.10682403749246491,0.06277259391646703,0.09524017231783177,1.0,0.01829328078546095,0.09646203809879567,0.37829935284714583,0.1215686120255621,0.1779845814564741,0.47222498193065204,0.12860985114246032,0.43952147918449613,0.21003622911903913,0.18814615605154078,0.05116489130697369,0.08204579491962831,0.3927534984428708,0.2095625893176148,0.25417605108152064,-0.1481802984882646,0.10161998317751944,0.3803152750169454,0.009504565360371019,0.06263698566335328,-0.42777865346601013,-0.13900497486426383,-0.048282703662339985,-0.04984470215326549,-0.003315671559987151,0.08882386357816532,-0.006754537190177234,-0.03421544247086614,0.5605678893464903,0.35643368795850855,0.46281075414904155,0.1768093514238854,0.14271273240705645,0.3363743604036545,0.5096071419494594,0.17486961611419766,0.17622047379497296,0.22292614149368598,0.5389917742159915,-0.1463337695420929,0.2127806437447297,-0.0678510128961746,0.03967520416202004,0.10362126616514734,0.2602477673509351,-0.07044352053250058,0.3574832575137297,0.43306876983880704,0.04193639035187719,-0.05157515156242268,0.04292534722358417,0.15130859782107833,0.19053660638152162,0.18659894449038253,0.3779949649669056,0.4725418771258589,-0.03419828941209527,0.6088281698834951,0.12313227723559024,0.36035444278520007,0.4062433684526621,0.10115597993701839,0.257758050703747,0.21498247367574608,-0.027600070852059122,0.3681495986906279,0.10768645896059419,0.25218933759355805,0.0851130154778973,0.16847509292262272,0.1530971302097954,0.02690158843622646,-0.352922306972151,0.4209874329533644,0.21256779644233387,-0.055032943281790814,0.21702800425570812,-0.10135427971144996,0.1419848306237999,0.20155602956533275,-0.0543761275090979,-0.024246005270925058,0.2658598235017746,0.14816470100861798,-0.21950013142257574,-0.09243097461504904,0.2673763321855896,0.05126657153867753,0.05585729047018596,0.5067280097682683,0.13444124622174056,0.09811616761647442,-0.21016592802984654,-0.1143727462141626,-0.11680610085645192,0.40444460774930713,0.14221522283736399,0.37682767988852706,0.1326562277746146,-0.21546807888154507,0.12518157189340925,0.31218122106695717,-0.025876978246110495,0.25184302870624764,0.1522358567264369,0.22100788796658508,0.25825458778643867,0.17855130799541766,0.054228031353014086,0.3014382045550652,0.15121586995042088,0.10735288487742023,-0.265258766880027,0.096151437380795,0.11629145993779347,0.04997280138172092,0.16879335480101496,0.19704009503324907,-0.04332028790859731,-0.1792304271808375,0.16759695285102855,0.2893057338310242,0.20680029000191816,0.1280764837689325,0.14070275490784315,0.26805299976439734,-0.03714105665944338,-0.10608024027184416,-0.0799812528519847,0.3216706205979549,0.3994046074320954,0.02563181205198904,0.22185628648794734,-0.05179943414726934,0.16185427651821435,0.09172201826105499,-0.2804356715353063,0.32054146838590386,-0.01556318907810157,0.12235050149623715,0.04085033818231928,0.07375188256095448,0.4440903008143859,0.29761040359021423,-0.2744754870481168,-0.051730733341978016,-0.07323014808399339,0.26753280089763887,0.04390745602238951,0.5346067616646344,0.12963540217078995,-0.048344895122520014,0.2932650943664581,-0.2610990638716736,0.29479146373614645,0.10445672091464098,0.3009714840162422
0.22775894808106545,-0.036471505563005935,0.06195095454901398,0.03768317315892549,-0.019590500924224655,-0.029466206941181395,0.09480247911938214,0.19581729392865313,0.18689719995957452,0.05318256429660519,-0.02000212408413202,0.17093869603149014,0.1368536423143545,-0.004959937549615608,0.04039317592004721,-0.02320910316360878,0.30036395901858626,0.14132814654487547,0.03323934360104284,0.135733345831156,-0.0071835280830378,0.0824506106459105,-0.0005852447066946468,0.13739054831986136,0.1530604184092057,0.3293226896634298,-0.029111931222323823,-0.06329224894707125,0.05959781160916941,0.06733959187281348,0.19682413243136673,-0.10723112751199484,0.08137276629199708,0.15000525503728854,0.06662491095259623,0.12043711573196707,0.10137069617498856,0.044131711250217635,0.19262852363959124,0.028989602722732606,0.17742061814739274,0.06344622971297646,0.01829328078546095,0.9999999999999999,0.2824325602200017,0.14449457452032693,0.19786450427883873,0.18524535581811657,0.13537459863128778,0.4295420179966079,0.04099200817282575,0.09401184874131675,0.021664940747305777,0.5939292842021419,0.16507527909824002,-0.10923612322131306,0.014228041213366282,0.004291961635498071,0.13002760189423432,0.18373419270558983,-0.16040086530424974,-0.15127074062834484,-0.1528741278216416,0.10761565862143281,0.0201181514886669,0.1004453119867236,0.033546683505435694,0.009940552931972269,0.026347180686509895,0.1706908035699236,-0.017853734172153,-0.04461414524019233,0.09930419922941669,-0.14997517162772217,0.0883112061969217,0.08121203456204051,-0.16953964691335371,-0.20005428466095174,-0.0807166750043028,0.12184757792977825,0.203114043994831,0.0807137662129538,0.13817070155702277,0.17394432104997762,0.23458010833537626,-0.1902153911787281,-0.08650501786941259,0.07615562279046245,0.37140200924986516,0.013185829161418474,-0.04036186250322046,-0.05994959139256099,0.11074437403114806,0.17901544026545915,-0.013727708405421523,0.20926931636485804,-0.019348824140986716,0.23456883167914563,0.000993039619461257,0.169418695297202,-0.12182856297630673,0.3758047960733013,-0.14724957823025672,-0.12095498933835856,0.06161442958962365,0.02272288867962675,0.007530742977485879,0.47527950721658274,0.019947409989777804,0.172223818650307,0.08219486334553819,-0.12513108465998699,0.09358114710733538,0.2553313168744223,0.19249609373749507,-0.002319193191971925,-0.15348022154579938,0.10974985584489175,0.10845714080628137,-0.09192312329638398,0.07711321384684565,-0.026876539032343032,-0.1260293710674895,-0.004713018662898955,-0.015145735412432552,-0.03787475146168691,0.07343573970895233,0.04068331799982694,-0.16392899174424105,0.04749316377677358,0.28208093930728456,0.27744013792298716,-0.17321880571605455,0.039489447099511625,0.1578358206416448,0.04568547415083549,0.06045795520470871,0.4428603091513396,0.019961740133339765,-0.1002231409499196,-0.18442861330350954,0.5619075375248118,-0.01624287700790676,-0.10600960452613682,-0.175270990095183,0.08348816102831307,0.17150780938561647,0.0584380133597872,0.20443975081772792,-0.1938686323925888,0.11642756898502264,-0.08339211060908058,0.16001633168576604,0.07793714330725658,-0.10017553267464722,0.16168824353085914,0.18996827281594575,0.2715754476952689,0.2521198462609071,-0.011761541936201707,0.406085694679553,0.09263042137732279,-0.00028424611749871664,0.16155869708708825,-0.12941083559356906,0.1136032115059359,0.0033121651985528085,0.1837535444313039,0.10396098356338443,0.33119161446740575,0.17576976619660611,0.24589053526028393,-0.0791244734965577,-0.010848614103108866,0.4709133896049583,0.10010075973820425,0.43597183985106697,0.16186195981180498,0.14317137393444104,0.03206757005747022,-0.08992817813063017,0.19117239039707173,0.10965829468809732,0.08249204438156936,0.06655431069349814,0.006885178477816123,0.07926572327106245,0.16713984634084827,0.1502408919197867,0.08892598417471245,-0.0733952605128558,0.1887876228539798,-0.025554615992618476,0.3047218663926939,0.5012665440430072,0.03991261982301591,0.04591832195781533,0.0514925659566848,0.09393138739810991,0.15913983413135147
0.14703310634520492,0.06356858334425233,0.36166817332442097,0.4162652311843375,0.20882507425096372,0.3291107889460315,0.08375490082866785,0.38787436368307765,0.46474318114512037,0.25447334587386866,0.15069626524854488,0.31151229637552824,0.4054697805156432,0.14909331467679823,0.33412158836406514,-0.07640464263220985,0.28588180895067633,0.6461483576662016,0.34824248897388255,0.26616879576376784,0.10028133974935328,0.39894737485003895,-0.04719731845231223,0.46256589727425534,0.4488200230905625,0.1806217045916321,0.1828262847617189,0.2646088308875056,0.4405081011573635,0.18040967086549156,0.21052891183292716,-0.08518677566342926,0.3408712816044098,-0.04479534748865508,0.5418730767009887,0.47222550756522275,0.5202435841237694,0.3633141461797162,0.016693133906193643,0.5392406130115555,0.26503613022299854,0.27852227198226853,0.09646203809879567,0.2824325602200017,0.9999999999999998,0.26993465068323014,0.2688696611520651,0.5770114559962326,0.057784129730307464,0.2544029401846573,-0.018329122469640066,0.19924630785275194,0.23819953125319088,0.4337665516425569,0.5112970230914244,-0.038051560854727294,0.09455442943913285,0.37147781765312965,0.36065663018153865,0.20264394422235035,0.05144038050312642,0.15396824689153202,0.05144092005799403,0.14433962599135625,0.21474695100984753,0.4633267536693957,0.5364822508378185,0.42395780627928564,0.3203648517982708,0.37433456038211416,0.36771847583591694,0.1776076066138188,0.04966191775428484,-0.10050873017147129,0.26858563903292015,0.4494417752917158,0.08758512951831096,0.0049933861723715596,0.4237421649022303,0.32615230989347926,0.4125076845494399,0.0598530408088522,0.4667648493033871,0.18840717291716993,0.2274985077022674,-0.12992619602631753,0.12695350345879775,-0.0182394565485883,0.5629832431557097,-0.05797653567969965,0.22854728780791966,0.3218117739846605,0.21776161748562958,0.3885285830194185,0.013319001601080115,0.41741537288354497,0.042734031317101386,0.1880852976576932,-0.12308186570403137,0.12597104279372498,0.14547276779090776,0.06857600895735518,0.20101375566687865,-0.023647395936352986,0.4223131836488481,0.17602485098085272,0.26286742806756075,0.3468227819499208,0.15423368972191603,0.3869343202747158,0.21560140302244352,0.2643046704513665,0.18408513130691206,0.008669750969183706,0.21118274652831268,0.12393041673914568,-0.028549928615360338,0.3263940694715715,0.47812596367536686,0.18087335035051774,0.30011521620175935,0.16817614583549453,0.25493619245976,0.2050644689844778,0.181634301774567,-0.1528259290839217,0.12611376290730422,0.43385031985613526,0.23830247213459466,0.3593101974826239,0.12826765007209373,0.1406870130038894,-0.0041984779309050205,0.2865994609796063,0.1551913838305605,-0.031025121562141666,0.5641022497409629,0.41171169031165467,0.18032034279135153,0.26902962612943193,-0.04373560702217316,0.3359111060734107,0.17248498491090306,0.3040692296127418,0.0747935703235102,0.4564260671121762,0.4046737243946545,0.46731990314487243,0.28817769396824194,0.05994289095143903,0.01303086987550659,0.29294529929113716,0.2972391896303094,0.18903040787930114,0.10545534419966693,0.023675517144405262,0.31495403117206733,0.25173976913749513,0.16264851863524174,0.026176221970692824,0.28402783941988097,0.13842679684785145,0.2498657173715902,0.19687521098112648,0.042684690188671104,0.051929617793145935,0.13856939119262418,0.32007156446992496,-0.08486238361413873,0.13129572604210146,0.22362827936415333,0.33751486102523776,0.0758525920634762,0.16591198984382957,0.20794900917194917,0.4025349659974717,0.42584180276802847,0.37753292987395987,0.4386768810150287,0.15262537011538038,0.0697079226950581,0.2662027455326427,0.08719871897393715,0.3348681393558936,0.4642197460453328,0.15452456374760234,0.22457202305310836,0.2138303405050246,0.06730181835942907,0.2731655717646855,0.14100377114348045,0.28633224209693514,0.3108432881577469,0.42327555689098795,0.3441505483985135,0.26965222755063706,0.4621402090700032,0.2179759427197508,0.19675572869898098,0.4867131397632172
-0.3497739067328639,0.6512356016324511,0.6758398878387711,0.08849756153375074,0.5369515635121853,0.7355908930274419,0.6365119211223811,-0.025266189101110236,0.14841169708737978,0.12035487709990939,0.36249405190049644,0.47473956970148,-0.050158375533776556,0.599127366826223,0.14198667128531772,-0.2471040463541048,0.1209405402355439,0.3255471447497784,0.588277642248614,-0.2569330168703048,-0.009764439545478797,0.6759506390791125,0.2784769253836869,-0.002154697213487602,0.22995436008901948,-0.18713955119282527,0.004584805316486605,0.13695340374533804,0.7194939723033283,0.383245126246224,-0.08861431302678148,0.3083592499904673,-0.28651639335618007,0.003703587555738294,0.01566555666622649,0.21505364955562525,0.43873836256441334,0.3736539342841405,0.3662858870351716,0.3135005884035996,0.2857926018044481,0.46044305247958645,0.3782993528471459,0.14449457452032693,0.2699346506832301,1.0,0.03133083967835339,0.42078418562158365,0.4725568381413506,0.08156906988857139,0.5099836104015258,0.4269496035448103,0.09543334294356855,0.15312427796973524,0.09611750645571637,0.2571485459707489,0.1995202862498217,0.8229514480271587,-0.22019816264903003,0.18876850120804392,0.5390095722326985,0.31626709035698036,-0.12029475125955147,-0.07219285029665179,0.12299498062595532,0.044399950684527976,-0.08925893458695601,0.11656841334913058,0.36912620071146035,0.14211583753469692,-0.021549170755478533,0.5091342995248179,0.10451788295924065,-0.044915193760953875,0.5693520183494004,0.5397861465988716,0.43432037303304644,0.14980200555234993,0.1791373038994875,0.25288873135883144,0.7768370504991864,0.7771230436874553,-0.11731381966538232,-0.02445453109675762,-0.0020165950348888712,0.207860358495848,0.24608271006477347,0.033755693004768376,0.29576968400259546,0.16933735018792215,0.37761533334603564,-0.0059227405372230734,0.2028798628967525,-0.12850925557789727,0.4678552911682959,0.054950804094579433,0.44103427738580614,0.16334850545380805,0.3453728491514749,0.02077036233855034,0.4044720311281349,-0.12189055526577715,0.25664627696928044,0.5338586975027694,0.35088144113960146,0.5454146327141092,0.15920643131911372,-0.045817868890756466,0.5381743530636608,0.08275454182814487,0.30103536660211905,-0.07202172830120429,0.30992447562117054,0.425911598682773,0.1682569603526706,-0.4016338445499757,0.35069504732336676,0.16306954356079803,0.04955347323630435,0.39797609128397826,0.03527609599310052,0.2530527671678909,0.24912596828733663,-0.06154596726138196,-0.13751676104397292,0.08217136514870078,0.5883735441037559,-0.09679897881252335,-0.08537320678793024,0.2742856893224744,-0.15051633983159715,0.14535826528893744,0.5930408473713751,0.14167102929628783,-0.08311615407981435,0.067414140612953,-0.03917047372922087,-0.1095975915407907,0.81097312602834,0.3452153795617584,0.2159999724384295,0.12893940144631386,-0.17189850393572984,0.07256447519908449,0.14049630680340902,0.22431378854274256,0.7847524928926001,0.13808691664087372,0.3933596128513949,0.4026860534964423,-0.07505364817962731,0.19671774196018796,0.3845873267492762,-0.15025697211960815,0.13178059936923983,-0.22348442046207773,-0.05439067586214635,-0.0832814417972399,-0.08789284276699015,0.2257673495949168,0.31957479366493374,0.01860146685406571,0.41947064065703094,0.23914827953454493,-0.058678576751709455,0.6338026533300948,0.2394842753760976,0.14536543080641565,0.19857642214607668,-0.0407937652842518,-0.1919633401506366,0.10830719718470175,0.20045146678786305,0.8518148052036759,-0.13563152111417792,0.27973106491674343,-0.07030303249871243,0.1402973246651045,0.3146966623114646,-0.2959501465607826,0.40000133063391013,-0.20673946493143036,0.5515079535580227,-0.06708675969792895,0.17078911505229802,0.6407352873071875,0.373055002736278,-0.17141257788225864,-0.06492784156383052,0.16017431833631918,0.5953425426829627,0.1976476284035132,0.47880442709394133,0.2087482386022403,0.28911878790391665,-0.14195341745948983,0.1480102059534013,0.2248988208318791,0.2516912061855745,0.31159496765958766
0.326751243568435,-0.07129821454215915,-0.030357777106499704,0.2890064364895182,0.024888515880818217,0.21660611279671074,0.06840222556142087,0.09959197367516444,0.20312197896199702,0.38709711978664485,0.02014675059230379,0.1636429412534489,0.29986722005641747,-0.12056159809765767,0.6963690414361584,0.12782522939728755,0.0469903376566655,0.5266995796702938,-0.08511251514861773,0.3039579352026423,0.30407879415577704,0.23308805805132152,0.24170079325674537,0.30928261018301656,0.2448944424454372,0.23588175839731598,0.038962525656013866,0.1897950305972847,0.03284888369682968,0.1655480286932142,0.08233240572004001,-0.06586562317903688,0.3314720581221878,0.02856535590113205,0.14546949181194918,0.3242443201524735,0.23268152646464807,0.13802759177653068,0.05141469213475107,0.26322853005685243,0.3547409144937994,0.32533165170177153,0.1215686120255621,0.19786450427883873,0.2688696611520651,0.03133083967835339,1.0,0.33433327522223855,0.059863113444695304,0.2545817947471245,-0.005477954994440039,0.18990408962049374,0.2686336098721781,0.23793575287623553,0.34176154307037154,0.035174027753866924,0.08725273986633864,-0.04599276657057326,0.32105781891940505,0.2027614059377201,-0.03839032316668106,0.053671656141099144,0.26849987709192885,0.27995587887480733,0.3294689643035258,0.22450828340241072,0.4218189543086209,0.12738998349215175,0.058798432979212556,0.17511369600770768,0.19718206430080684,-0.039995681340394426,0.04321213010593913,0.052796465576137416,0.18532563660623017,0.3241411656202967,0.0357299572824813,0.024502189270920915,0.31223163278459726,0.2972852050196413,0.026862030205450162,0.04389572378767205,0.2132678488958346,0.5516513815496716,0.055721350080344866,0.13238856798748033,-0.0015535371072106386,0.041780548857721186,0.11254898132065189,0.09387630169390455,0.09272700928837628,0.36301686161085345,0.22162698305855094,0.5637305811580272,0.13392670408299154,0.18762524724187263,-0.044224565647769415,0.06888777551987675,0.19705533572048697,0.25940248186575804,-0.08497306607242533,0.11752035703299872,0.33408140499718,-0.10999257707642748,0.14527199866918702,-0.04434827151146865,0.1973353874808855,0.05191802917731789,0.08375624354700519,0.3744860730253753,0.3384927684871511,0.08921155532479061,0.34228000682893905,0.03105290563003748,0.181368406915952,0.0133137703323098,-0.08121234338438177,0.23493407333539262,0.2625914460427434,-0.019086433751759904,0.23558734519120555,0.1652575710776993,0.2577138550171606,0.22561369698572406,0.29465291776210745,0.10114925914829782,0.10298385241884746,0.1831213492750705,0.053063575351732756,0.448639174960622,0.17542842584081558,0.10156724471738852,-0.07389721532048642,0.2751764381098676,0.5054959437979316,0.042924111818783695,0.25260954412183934,0.20521391153904242,0.16798442475562075,-0.04396001302872954,-0.18783144626868079,0.14220591853489908,0.10746065440465241,0.13730628774545342,0.022367349169857397,0.10851775611429039,0.06070023645005882,0.5320054177707987,0.11741753956097935,-0.08739833827537295,0.2850976652275523,0.2527978025891111,0.11994631668146175,0.07384716752617228,0.13446319644148583,0.18846437034356012,0.1066651733772328,0.19899734320541457,0.31742510021247616,0.016767588369035975,0.4620887874814978,0.226167201183819,0.059928395832199985,0.18081074265970493,0.024658529731594634,0.0026284245763562907,0.1738143829069075,0.23746581048837725,0.18708910596885733,0.14046691369473654,0.013741394016467018,0.135584512230173,0.08232144745685774,-0.036153858074390685,0.17771936839712538,0.1853081728484476,0.18731568162925366,0.45990017345261247,0.06516158358281193,0.015985918139167873,0.08521955823461506,0.367313933058443,0.23344868127298604,0.28052258956709425,0.1912053944423201,0.01989258285234651,0.22993254066020552,0.1685349563173391,-0.0008581592095407432,0.20390913349659606,-0.08270590633061975,0.3251967661939476,-0.03786070696372443,0.2656676128102842,0.06825875183367436,0.08215560866219743,0.1942887910302833,0.03172622291891596,0.07666001278547312,0.3639042523587729
0.16206919219782687,0.19279871963627368,0.5800968601556171,0.455530182612606,0.36911941032563933,0.43003560756564935,0.24736315908024023,0.22518064598106438,0.44678342196482906,0.24021362960165218,0.1110934079943922,0.36660956198648126,0.1381776521939999,0.18856666551567453,0.46245420671675114,-0.016764298639391616,0.32379438956285295,0.6347217684483307,0.49632395981184196,0.08471435320713343,0.30583202901671264,0.5931187545170569,0.20179733549035006,0.18954448353324646,0.33535316173910945,0.28338058784943704,-0.0926483220186317,0.2604752246995676,0.4900857913192087,0.3227164186601517,0.375591493499462,0.16776891925131088,0.09955388689167126,0.028495393150050854,0.2065645064501521,0.33081374845448897,0.7229481495270689,0.34971228110026115,0.09544126344238373,0.4768612519829397,0.6056525704771397,0.36327999419235524,0.1779845814564741,0.18524535581811657,0.5770114559962326,0.4207841856215836,0.33433327522223855,1.0,0.2168108538542594,0.3205511137126508,0.17406919571619847,0.28794971604587755,0.3635437711188497,0.4591736953413789,0.33499916551168313,-0.05777271579451484,0.2728833612409165,0.5090299544060743,0.17381331386695645,0.1918428983653875,0.21059749480229004,0.23790171898586052,0.03576259983807541,0.3601581778434783,0.3335436389393763,0.17787368696138461,0.20466182503598476,0.5499559787916216,0.3034017479323596,0.45959612665437277,0.218531810677247,0.09972678514931571,0.15933708744775132,-0.10863991167339057,0.2674541317617653,0.4338359487624885,0.19610768525750774,0.33284721283718943,0.38785709725605894,0.32787446192710684,0.5710046197084377,0.19965606833099406,0.2314967164382858,0.02742479811061759,0.37863514875871257,0.1567065450733747,0.4286574702538695,0.05627853963438406,0.5329563816952521,0.1760157215955427,0.43395053333706535,0.3692432075991978,0.3422492339341377,0.25115266518837165,0.025671342906952523,0.2649451599095658,0.23810497558465524,0.22531516023911,0.01113933690813418,0.2964285979767962,0.19404904782526558,0.24433278482875984,0.42784598607340313,0.11320002890384422,0.6396923867219146,0.25222357187769834,0.17510673413696373,0.30104288054763384,0.3941153761103962,0.36072423872107384,0.39832228890324084,0.2854215566431814,0.2534234972100104,0.21012578130752022,0.3584946619128269,-0.1643931622434959,0.05700624528594309,0.4701204252422687,0.29963833794912986,0.251512141918089,0.14549489847283387,0.31689120699397033,0.3538391831491863,0.1336413862614952,-0.040568854275519116,0.0373258781914493,0.33789476761790366,0.268308201499835,0.07479909702628447,0.49141495225720666,0.2688045332830306,0.4681139352661525,0.18853948810461385,0.33563616448337463,0.1436281319375832,0.19599006183402995,0.44392891506836135,0.46423056279350255,0.48255601758380884,0.15758257957876606,0.030237586642505317,0.38302754202326683,0.26918645547675857,0.27602811976809294,0.035038985077922837,0.35408151565779367,0.5086594839570245,0.42277901638733034,0.1991188802699882,0.11750822806953035,-0.01240605462995216,0.5016729496988168,0.17747037303289048,0.07272776210418778,0.5186101450040759,0.09870063862952433,0.34375384038046075,0.34496294787958853,0.3397451974368154,0.10617356670057686,0.2712734219437456,0.39334717282282616,0.4263722639527182,0.3621306153550673,-0.03644268468833375,0.3549042752321232,0.11613185867683347,0.24699326691747409,0.08966325891295526,0.4605110973986244,0.0622770869562369,0.5645658677746559,0.03821587295373935,0.32653927281552286,0.17450268346031841,0.5471287468570081,0.4108696075674027,0.23415294687528335,0.5908410551916224,0.1130244168191701,0.2259315607293919,-0.03930112382806185,0.08098837354254178,0.14392971245647185,0.28338718513948585,0.3121495212074625,0.24529983692169854,0.13094693780584088,0.24366388915270443,0.5096741407978889,0.08330402911318993,0.44787733802672963,0.466997036115599,0.6723561421911696,0.4018256818921125,0.16357966806438073,0.36400349053250897,0.3916489930065987,0.5424474509456172,0.4294781728378476
-0.2181648701954026,0.7047262912616526,0.3840311465844217,-0.08399775654592193,0.3683089806473244,0.2727290504581223,0.6671205379596942,0.024404316125360873,-0.07446917938864751,0.10364559910765053,0.5842915440451815,0.1137836586825051,-0.1961839099845589,0.6444933397763164,0.2355097159262047,-0.009800951239198651,0.1803293130190005,0.027052629148863555,0.40041858360765625,-0.3670863701018133,0.06992614010830106,0.36402179714784,0.4939601686851274,-0.2394740392047908,-0.1585160488378328,-0.02773464004295634,0.020925871117325273,0.12491051576397859,0.15335284817999398,0.4622415590184583,-0.15856893096492955,0.48438507640430406,-0.3791804503192408,0.3499094596160242,-0.3032239284919765,-0.04225880110386017,0.32433898534078226,0.0701784660092144,0.7329989111311235,0.002413605557985658,0.1547882081453339,0.21326118140194328,0.47222498193065204,0.13537459863128778,0.05778412973030746,0.47255683814135063,0.0598631134446953,0.2168108538542594,0.9999999999999998,0.23718064026719327,0.529655419987723,0.3489478068329996,0.292993549243397,0.10566114419276369,-0.05479691151099159,0.21471018317964508,0.2610970127372449,0.39843444787585813,-0.35391967785101985,0.13965681264077145,0.4685575337580502,0.09731980353956665,-0.2134877352999849,-0.18839895967896556,-0.1480680599455975,-0.17905889366588404,-0.22731747616722325,0.0011598448565040094,0.22668197975265572,0.1779631739256186,-0.33640926293929857,0.5791456678381175,0.309711147746177,0.3325847030481465,0.3675719883514569,0.11127541109093128,0.35805452516935893,0.4150138107041874,-0.15922474601738978,0.15787029021384813,0.2558508581726493,0.7094400456346338,-0.16911386770507855,0.22562926566087152,-0.21344650880659788,-0.020692970829403412,0.17990698381296494,0.3146456411792486,0.05000626028771484,0.24104687101698588,0.29980784438376773,0.05352436386623161,0.1226110209712246,0.0681795930911496,0.548683490302488,0.15701628443226545,0.49176939511682954,0.3214045151044693,0.6189450187513563,0.0566828233879012,0.5100260967248461,-0.0009050345565242838,0.3159447912424231,0.5383428080621132,0.1668568324601855,0.6687357439140373,0.36659193804891765,0.048287453219720756,0.5997503167548008,-0.15725611063883635,0.15311002736691243,-0.021141646122958917,0.4944952440110969,0.48628611072346983,0.04097588296434751,-0.44984055464343276,0.5457689068093724,0.11840480629400345,-0.2349081500994312,0.21382889016382306,-0.03329355619007666,0.1715081859780851,0.11793695158061065,0.10528868552427699,-0.3008205871804558,0.208857482276538,0.583300383082005,-0.47724231232487246,-0.09920118778113551,0.24320681792444798,0.037451228257203574,-0.06736933632276738,0.4827285197700741,0.05114505549027366,0.10499295308315745,0.011655226640811037,-0.2705514619332071,-0.15790961428397493,0.532942109175562,0.2558952716833643,0.4025120952553583,-0.01114468242483663,-0.2399431560133803,-0.11329074327505159,0.20040785503198874,0.09397482705449543,0.2404150384916339,0.041706329714775295,0.24820711145846264,0.3451543776104502,0.039931820102905406,-0.024201661697313546,0.45846757616423534,0.022056719676991528,0.2796839544689242,-0.15137829122405036,0.10247663368952613,0.08105763483332029,-0.03511643509880953,0.15588284381411463,0.1782987061314002,0.16129697931737197,0.08044572357735226,0.273636271244398,0.13769282950373027,0.6745953931310835,-0.02113715651795208,-0.12744950533822516,0.47964485745456187,-0.08681125313473002,0.013623484228718424,0.0197232229719342,0.24595202466253907,0.6568238641829517,0.08253321785519958,0.026992476163036943,-0.07889378981951067,0.015985817915911884,0.2615756972538544,-0.4103116809528659,0.1428867845169559,-0.1583215023105646,0.3935528374009906,-0.16714876849809257,0.03907321797639652,0.5876935327417628,0.24041598756207014,-0.26281867435587497,0.13654466672799037,0.29046408894747805,0.5267189562217569,0.10272048988126453,0.5160215924402012,0.30812792749552737,0.1259011388053099,0.025358716310843576,-0.2781541322069533,0.11089586849340805,0.3904966860031116,0.11499651278308028
0.39146397301658037,0.0819648877584505,0.018867472296576912,0.13898990559493105,0.2297056007682961,0.03867792412883477,0.0659227481624964,0.33277738993658096,0.28973794742961784,0.22473526696021145,0.22454902684299163,0.12131708913760311,0.4270751316383245,-0.07465510760174579,0.12695048473428958,0.34440378284977563,0.2924675975955757,0.049281654546373815,-0.047350873292653514,0.23467497434165652,0.0938476928906566,0.2567399259029868,0.2638369217440325,0.06137702602691574,0.30009343185269083,0.37942872684351825,0.04096556225258732,-0.025645257850978508,0.014222085052447701,0.130813074251722,0.46812079622210717,0.0033838090714123845,0.13103642378846161,0.5533299187069255,0.027020487632554525,0.05780418510754474,0.11983612019240195,0.13299007940866006,0.06967728240424426,0.2390979771117214,0.2967769512349494,0.18819309433552697,0.12860985114246032,0.4295420179966079,0.25440294018465737,0.08156906988857139,0.25458179474712445,0.3205511137126508,0.23718064026719324,1.0,0.21129638042749477,-0.07591965172333895,0.17936837324492913,0.39390330718723576,0.42276685654204815,-0.00416561235959158,0.26005219166998733,0.018962133526228116,0.26091184456856714,0.3867168494987427,0.16258995287045233,0.015545988497620653,0.09547699349089452,0.42947178656622903,0.234322846493144,0.11783401292061202,0.17904696912117637,-0.0016126107365053016,-0.10375459015088978,0.25630864021297406,0.04844568947506686,0.15171085301727513,0.45283911863026866,0.12273434073383138,0.2202735666553503,0.1616664088093062,-0.01725600464562354,0.08104381346922919,0.1170002044788805,0.2607028241552922,0.02323753082503535,0.03559826894124352,0.2037618152812807,0.26833820692422883,0.20586313754533328,-0.13276090920763367,0.07720379101201902,0.3745401282259322,0.26098004884824855,0.10289575242591116,0.18288522234085103,0.05947916471605004,0.3481395253825295,0.15933059231418695,0.30075535976735174,0.25958827444291077,0.20256027843929694,0.44915361644378604,0.2004856585617915,0.22340873624775495,0.16143864529371194,0.2646466725943815,0.14499394186861186,0.17555297474247913,0.11230203263892442,0.22341900114047822,-0.010106659225708046,0.24918202182722574,0.12548667976490122,0.04303142153060768,0.23633218094254366,0.025202778635051618,0.14309874462289693,0.34889448968619424,0.2857045416179168,0.2629615091301299,0.019509334132760174,0.2776307849709176,0.20032759014718327,-0.002539324847196449,0.0014492589639483206,-0.0687130697024123,-0.07547734954576657,0.13758181222650742,0.40017649978104186,0.28263681999492607,0.13124629767717183,-0.07128722359598183,-0.07146949141532219,0.10697922456638916,0.1907924254950229,0.26765286783557524,0.08878451631488186,0.17673037500267116,0.06465385738286833,0.4274850984892036,0.0051278980238322796,0.2647945233343981,0.14937086868717525,0.014339833867690305,-0.10923810821212102,0.2116930424349414,0.24345402697994872,0.06693686754807125,0.024927393960307263,0.1825675869274648,-0.04168008486080653,0.22145741074639336,0.4527263101776906,0.042376520355991085,0.38349118565356466,0.04297027505603492,0.23012059282380862,0.30775541787677424,0.12485564739335812,0.5480261782342125,0.49573214689845446,0.33940294111800795,0.38933376676434195,0.08794028946943988,0.4619051394383606,0.1746754569062346,0.12557532590351397,0.22749151825679817,0.035832237129540485,0.06650463487316809,0.23238739769044858,0.2427070621671189,0.09678026705958057,0.27835158602294074,0.5730660012606859,0.22817535167157643,0.30697740806683443,0.0401471700234559,0.3659502725946484,0.1026226481399406,0.29363247184891267,0.1171486329378549,0.22229781109117094,0.3175695241739436,0.05030966572374714,0.379952283420342,0.18684315625047182,0.18832541405326397,0.08823721649943546,0.15941652201637954,0.3959475818790006,0.5155587224415246,0.20513484524466236,0.1345652785427017,0.24188198521627793,0.28192148109042214,0.20125049282553895,0.2920251204770614,0.10101693346618944,0.32724420902943147,0.16326590445891062,0.020260522378483106,0.20377275731102687,0.06592232845006549
-0.07876490158291828,0.4030969082362557,0.3999348799969279,-0.26077763085896766,0.5964977833287757,0.26635125258302855,0.20529319579516345,0.07116653156697518,0.01579584252826009,0.16066531437571693,0.3065676013371769,0.050934704043957765,-0.09341175483170971,0.457890108944246,0.16748285259852733,-0.08491806728052279,-0.2589739472565535,-0.005110180893100882,0.42603685482567805,-0.3615184391964565,0.05373673112926352,0.5360235275517157,0.1597256636407348,-0.15168000844822052,-0.19517853114179437,0.08905413109654041,0.09285089160002215,0.1135497501300634,0.27616841157540056,0.29932723947505296,-0.067554610865141,0.41874669510491447,-0.3227272744876645,0.12486209337905589,-0.21943628148497166,-0.10738392794057194,0.3470997847204995,0.050490323153752105,0.17424403978283648,0.07225001286056548,0.20955930427242103,0.027574076839040618,0.4395214791844961,0.04099200817282575,-0.01832912246964007,0.509983610401526,-0.005477954994440039,0.17406919571619847,0.5296554199877231,0.21129638042749477,1.0,0.24521176903737743,-0.0973378280624438,0.14619372167415923,-0.019334256776409844,-0.06975838487086214,0.21198406417664936,0.5076306189969034,-0.42046041902727105,0.1350401537199912,0.28390425657158086,0.2815487755512002,-0.2111610628186671,-0.20713360404829984,0.05198549838810139,-0.23206215701996963,-0.2739289056667148,-0.039870108633503695,-0.00970125430022252,0.06306942042073142,-0.38795190638320953,0.5779035575990311,0.12492733424363145,0.0962730351872096,0.08194437696620517,0.11334118755769865,0.2177769437800732,0.2769839236625123,-0.055209091240538154,0.1259615161618556,0.3532245652373275,0.4981699189131682,-0.3470728580117402,-0.051826307487864355,0.1187195911898958,0.04140563647720814,0.2905713108026388,0.3064118539049435,0.07975816983175564,0.324774826105577,0.4099802659387143,-0.08607135898527106,-0.10304701167756071,-0.20298082597921505,0.32698811546146367,0.22920195593172113,0.4366038310722266,0.31648545965035646,0.24047350470042464,0.09116128222479114,0.4346095277685734,0.09243356285126453,0.3282851192344487,0.6033785408923436,0.20201270563656173,0.4605347139737991,0.07050440028945447,0.032102441004426635,0.7480034957815958,-0.12077606359865886,0.14864804434325796,-0.07168234123831187,-0.01268549107944166,0.2612527009275976,-0.04565594790016268,-0.29383929781769313,0.21674159320282504,-0.03897539977513998,-0.271781803071389,0.1563728146764684,-0.15182947625274573,0.3863479565883252,0.063077626636815,-0.2476112938070776,-0.16809839596359114,0.2739591310171263,0.32133872583342243,-0.37143350914584033,-0.21199394581243822,0.10669602401917254,0.04360790478574056,-0.07902088606570416,0.5522329739198489,0.0685930352786115,-0.03407137321386366,0.02901227422320959,-0.24692785654354343,-0.08847610694020276,0.600405859463846,0.19570228588725944,0.10927514762264993,0.14632269608267548,-0.08779888377126485,-0.2099018024319004,0.28077621578707573,0.03572529850588917,0.3007116548145867,-0.018392271089471137,0.09902899300090798,0.22406685163077927,0.008837429553973956,-0.08096051681849503,0.3858715373965267,-0.0004143850383734282,0.255266705053027,-0.07548065730251229,0.11410982236810133,0.07133285186743005,0.07224131862968279,0.5710116795083167,0.18324746217990037,0.09966720011557208,0.000796344202299456,-0.15377500356636054,0.025244928144359014,0.29354857525007944,0.008702216738418901,-0.03057754623608782,0.13668231437750242,-0.001634810495548401,-0.059389622715752696,0.15248143793604724,0.16940428955970666,0.6119590936308539,0.009928594681005314,-0.004619018868236914,-0.054194015636173626,0.019054731457209144,0.3039731871124788,-0.300902380372875,0.36840045647276976,-0.06131023064136274,0.3947928090095091,-0.23561362807337768,0.010098444331448492,0.4426557830519588,0.16785643602615716,-0.08499836964347794,0.16234119025917804,-0.01845446177547974,0.558736580233728,-0.02341879077710152,0.4563103873406241,-0.026594470958452385,0.06336784084293008,-0.07022528597896928,-0.15285742777826766,0.17449052531441014,0.22020507784038715,0.09341608890921496
-0.1071815486449619,0.2664409055119419,0.27260739872715306,0.035519889244769044,0.1952515654418765,0.4204447355086305,0.4471147024112252,-0.10422275062860045,0.05678031485981114,0.27902317206549077,0.10903462863103908,0.2319694927969754,-0.19419101300862254,0.3196518150446228,0.21409466281252715,-0.31988277341885785,0.2190509037305119,0.403836142793238,0.20118790600763534,-0.26995244666921897,0.282432927168507,0.3648486632013222,0.19196531564015726,0.03531113444224912,0.072507090470026,0.06705428675307323,-0.03517046132611302,0.15647545726008866,0.4121552519832283,0.4072180616378784,0.014366557940076609,0.20718564759168337,-0.11811798157071417,-0.23431138041834762,0.10772122955873344,0.13681636725171148,0.39641182098898137,0.11683072351893839,0.27243239816325626,0.118731233435757,0.23080702428274644,0.4345206390137527,0.21003622911903913,0.09401184874131675,0.19924630785275194,0.4269496035448103,0.18990408962049374,0.28794971604587755,0.3489478068329996,-0.07591965172333895,0.24521176903737743,0.9999999999999998,0.0271773951076538,0.1059594761697885,0.01797774478493101,0.020390366575926827,-0.00424224452256966,0.34201784431728904,-0.14887474513033694,-0.038655849023586555,0.2473450702084548,0.23651544557618795,-0.25203296449526624,0.04853339719604974,0.042927460571966274,-0.0225414016472041,-0.03509903090473647,0.11164888337977374,0.16404213585709362,0.1881966407772143,0.04438069628312098,0.1417932330463036,-0.06912245375357964,-0.008733547696592564,0.2966446935483606,0.4783189248900466,0.30128015046150747,0.15468493566851593,0.2613404871462979,0.3126685603978378,0.3449791107954134,0.49257830355458354,-0.17001878356176978,0.10855568307007926,0.13416282218553355,0.46823801247350827,0.275794995298521,0.013063278859668149,0.13034987622935693,0.2642535062841628,0.1288956245913801,0.1302360098639983,0.17088230959898978,0.2441280465447595,0.3332668300183656,0.1369123710230679,0.15137807804936093,0.10478213687573916,0.05716180384031415,0.14786015583160886,0.24441975636381869,-0.028556735186582628,-0.024224157750999488,0.12122749220823512,0.23919997591782755,0.15961924663594165,0.05732107662793646,0.032135440251287284,0.2623981903171188,0.18833224431735335,0.45794578011938236,-0.0723368787433675,0.4746581475160238,0.23977221756241623,0.22568173647127673,-0.35856839544751845,0.11225239576001728,0.28565706415058395,-0.022321219548102747,0.35635767885867026,0.1476731956653091,0.1981332959929185,0.21681420152391942,0.1587306264927178,-0.1661431547487451,-0.002528984099514962,0.49080664811612723,-0.04835624364587312,0.05338313823404012,0.37271120942040725,0.10496570434087808,0.1614319401103693,0.19384961072612045,0.17025188831108246,0.19868130629689085,-0.07962135685431498,0.11275816053704509,0.002490744034706937,0.48111135839733526,0.08398453614594094,-0.07291287898606431,0.08525039259659456,-0.08633145224065342,-0.019564618294573805,-0.03205757962912074,0.23041871506275802,0.3448271701190352,0.12876950545730467,0.0646655665338159,-0.11517127486544357,-0.26652344497874964,0.04822053592713859,0.025422821269312727,0.04445838117187554,0.29738066108235167,-0.12547813910128833,-0.03345704400228121,0.15558222727062812,0.059147787350388906,0.19390282034327058,0.28822810910909513,0.054408288846225276,0.23630682108301415,0.3359281001124553,0.06435545447749864,0.5016744566268272,0.0361880701552617,0.015375532923821197,0.33224126768279766,0.020587917663979462,-0.16119747811222734,0.18009985211692575,0.03096411494839199,0.3496456007260815,0.023742396481204717,0.45928586878583705,0.013468346192241408,0.31818977527852893,0.20791413887536878,-0.13014360762090163,0.21129266137598557,-0.03169197791858012,0.2705276495466392,-0.0016160989320031822,0.17659787135623878,0.39145975387265086,0.20730626936477728,-0.22841489286939645,-0.20189558732437954,0.1602507678081797,0.20426524525492198,0.34186167613462826,0.23866636018017867,0.3104914379872087,0.146269868459166,-0.2510654696037189,0.02365530815376845,0.45535807174380627,0.2737572048187262,0.27574497358321687
-0.11033433048103337,0.25237807568912957,0.08981436296330998,0.42665252747153404,0.20719321156283965,0.2644619683623998,0.3377824733855381,0.3523151965360444,0.2776660765407795,0.2755599996000711,0.40638674945703457,0.2706583520999808,0.24804499049438092,0.18395303439507424,0.36795634727039866,0.040840629708442065,0.3263198436596462,0.37763315011861,0.18502025174414746,0.21451167875851482,0.20181023539821283,0.2198827824954554,0.2862061148865881,0.1474607483646942,0.31767349098179143,-0.03582364097104887,-0.013263448152718347,0.3130380627840821,0.16130324852887398,0.11515724024332503,0.09674026225905454,0.05433421392222876,0.1113633814301119,0.25061097012267836,0.09029129549911641,0.3825578944909159,0.3187260661435005,0.2746108553061866,0.3319648927670135,0.3227474788683638,0.2246114811232254,0.3204424411648023,0.18814615605154078,0.021664940747305777,0.23819953125319088,0.09543334294356853,0.2686336098721781,0.3635437711188497,0.292993549243397,0.17936837324492913,-0.09733782806244379,0.027177395107653803,1.0,0.010252566381975714,0.27997967701700416,0.2725277507821737,0.46518558271243327,0.16394086908141925,0.3600401925958088,0.26664221547220646,0.1851668854261648,-0.08811684659864477,0.15203667425878656,0.04046782961719593,0.10205346360960851,0.2951832326586291,0.25648289155255455,0.4473140000286145,0.32389956143409615,0.40008629901235093,0.46983003761929676,0.24338238211382515,0.33009543711160905,0.3620522336391233,0.23543331562458525,0.3623515699711233,0.26501889779580673,0.39647552253995416,0.27654062814785696,0.3217042598838718,0.034385910641690595,0.14512199454699917,0.4840137275298022,0.25177278812221554,-0.08255247016906417,0.0712287795840603,-0.0026102597866553556,0.14043512569168387,0.11248487180820808,0.3034904742670748,0.36017164639557275,0.36914099174843473,0.2887530643172878,0.450304493157653,0.09958461988066873,0.19287881300880097,-0.007540663326680913,0.23059787815726002,0.31474560025697756,0.10051453981306302,0.2594266284277241,0.12352781765113115,0.26564735284770796,0.2582943300436849,0.24789145644211477,0.31354065731702013,0.3788084670133806,-0.04874403152258425,0.21852852641162687,0.15411861126943008,0.28343916540795183,0.46767427775626935,0.3993375252195887,0.05250989470769308,0.16165312069316176,-0.10883043161547125,0.38646887829755977,0.49068205633404016,0.39664817613646247,0.04007220714976428,0.3967488507102704,0.02629324308209407,0.510279619521512,0.28503269363869166,0.16242496679399418,0.08220552335082662,0.181024406362307,0.1638888185446201,0.4072100989030825,0.4161771307687755,-0.010767938935944526,0.15193357073128522,0.14405214143469636,0.25500269541135817,0.08285305467254704,-0.1460098918867686,0.3514715992173944,0.11219054313985426,0.14540472313988817,0.03897758741462122,0.38320263200893384,-0.035434383755471914,0.11875820130560504,0.5422133202766296,0.037663437481496774,0.3161107354860616,0.09443654399812183,0.3851455476023039,0.39645034303765125,0.2366223405541734,0.20981090725791188,0.524254458475565,0.14614264717696202,0.2297413352481134,0.1008492537294358,-0.19025153775538825,0.1810031192087211,0.004222406117806707,0.10604217203021823,-0.3226347564886698,0.24460176820891447,0.43133524224184916,0.03253248691516988,0.5568168819740629,0.29380398636705746,0.18704467263770763,0.3281015074113539,0.2751896148262479,0.19205507328594784,0.05245092728257783,0.10430687843741356,0.12000194494862541,0.29599876152203114,0.05833985362869779,0.22114302718501772,0.3445866312435839,0.010983084930370353,0.20385947829804546,0.2572045473367287,0.12154630185540424,-0.12026657214685724,-0.0009763411649243259,0.08196212180213806,0.3859790755058732,0.30066567791216126,0.36726536975477464,0.46293045695417123,0.0032831674832231594,0.044793906796604444,0.4887849510506077,0.06880255067132549,0.2962811839911345,0.2743315947880736,0.45727767454324825,-0.007199631147596577,0.48887778496609696,0.026436973812867696,0.2006395083666608,0.37659311148214936,0.31926707396533904
0.24412545756099463,-0.06446246654712226,0.33361751112918286,0.23548450766529086,0.07900059801363504,0.026560429135328908,-0.1256343533819796,0.2946094357271964,0.3431863562817325,-0.1000875996130982,0.06714018306900324,0.18270181528536644,0.13748509932594383,-0.02034577173961879,0.304115395952985,-0.08226056653104304,0.30373584895335354,0.3002831639167815,0.2876351687732757,0.22030280316444076,0.08940662944507734,0.26457296641596584,-0.05088903490256427,0.14600305137240585,0.24202757634138153,0.3881115962803192,-0.08394426002055212,-0.11689657117157977,0.22294243916844808,0.15180714652499064,0.27652319089777677,-0.06948021669458375,0.06918338460704335,-0.002588420436336628,0.051672568108288894,-0.0249603439263405,0.30434126847192955,-0.000993570178577731,0.04670984837740437,0.1813001001497565,0.3235216878570783,0.11471284759897682,0.051164891306973694,0.5939292842021419,0.4337665516425569,0.15312427796973524,0.2379357528762355,0.459173695341379,0.10566114419276369,0.39390330718723576,0.14619372167415923,0.1059594761697885,0.010252566381975714,1.0,0.19546268994142704,-0.15703423962481294,0.1585073037748417,0.23263446918621597,0.15240239320921908,0.19649025914334742,-0.18664064582364262,-0.060284269472173725,-0.20468109573526094,0.1780247071626308,0.08574919219003407,-0.026495669665246618,0.18971972011322744,0.24144918219621808,0.15106252465551565,0.49027700936598034,0.16013030692248373,-0.06103154868985415,0.1991390694672274,-0.20693071855908912,-0.0045598737748333935,0.145541648321135,-0.03329015162536295,0.018443923889930748,0.011938566010671359,0.1073255455954332,0.49915319053166024,0.06400482446508941,0.17446759372691323,0.15762034548669396,0.3389368677216567,-0.0010617358928381943,0.15710581794665257,0.17303195742438418,0.7387726782033154,-0.021670402854508927,0.07693413003499754,0.057002650079532945,0.013463499094187785,0.1891277148383119,-0.22304171558826077,0.2141533815198644,0.006384875752411306,0.20828193951429622,-0.19839524188852015,0.14638562032261565,-0.12768530707152442,0.3654402611249976,0.05733873989016285,-0.012605225381654497,0.47434406466432,-0.12447270849586481,-0.029043857016481232,0.7994295873465898,0.2609705583499266,0.22153863948620034,0.18289899858617578,0.006940447958505645,-0.03378225279092868,0.15746682042297896,0.3353905284694319,-0.1166191754314817,-0.04152254936464755,0.2459982232235573,0.18210206672492268,-0.0349095447973152,-0.03191211299243322,0.003874471708427064,-0.05547320283949569,0.09529661797757209,-0.03359237546805153,0.05533618510011288,-0.034959355559477684,0.05111194180817198,0.03424597804818326,0.19224228803507268,0.4438732716721204,0.38616134654390266,-0.016479110001823335,0.06836373472970313,0.04270763033682827,0.05690664564998195,0.14630915019952276,0.7278531458094338,0.15670107635068428,-0.031257107642819,-0.13504926466925748,0.8043563294847121,-0.03916999295743129,0.04046137356464491,-0.1028862604990411,0.12942621373909183,0.371765417365737,0.18962091183870466,0.09712581952021479,-0.1278717742787879,-0.04448548047743976,0.21247701279639672,0.07091696000513038,0.23329131415762028,0.1706936784537982,0.14128167266795663,0.22176062767063698,0.4889894635946448,0.3417592502564092,0.29230348450172106,0.22840815816877774,0.2428851743002908,0.11378263934729144,0.08768830685200832,0.039832729680765025,0.018401493238997136,0.005623981813003233,0.18958758029233297,-0.029643217534834627,0.5786694499428671,0.08893894731356293,0.6385891720756587,-0.09686129003387746,0.06575030117055883,0.28323849975158544,0.24038577341481265,0.7066302411045884,0.19117771426227123,0.5928711817973422,-0.029678866327577356,-0.062321162925885173,0.07190085283975413,0.0637907212844893,0.1505617422873162,0.016862952219529725,0.06494454724649557,0.10466963523132751,0.08303529301426024,0.34598139749524637,0.24457703255969446,-0.13379528443988803,0.37696106450485617,0.11391405289967135,0.4510034226595757,0.6506094489067954,0.11122426445913787,0.15688096917804004,0.13862761472408636,0.32300459130305925,0.24856444167978942
0.05102487628376408,0.05239843636367146,0.08264441971300235,0.5349739306581152,0.34037590422825703,0.38107719987405875,-0.04468508402513172,0.5113335326243251,0.405309920989112,0.5115027656139268,0.1962183004251444,0.32958450220517155,0.809198881824634,-0.02530734239463231,0.2500315151349849,-0.09705754647011221,0.008917510854397577,0.4717687169827769,0.06916055991683767,0.5631028363168716,0.09078127690455245,0.41515180198682794,0.08114720220722837,0.6919016789813655,0.5861502057106568,-0.010651468747516673,0.1996570921816407,0.1444182459254516,0.41115952569622133,0.0872351084872026,0.13745156511412335,-0.19457734829857734,0.4905811734331541,0.13142442740939106,0.5642264994032565,0.37838584206696313,0.21216907761719547,0.3791914095297782,-0.23115107512521235,0.7708003947193631,0.19735182781223237,0.4699814868349869,0.08204579491962832,0.16507527909824002,0.5112970230914244,0.09611750645571636,0.34176154307037154,0.33499916551168313,-0.05479691151099159,0.42276685654204815,-0.019334256776409844,0.01797774478493101,0.27997967701700416,0.19546268994142704,0.9999999999999999,0.14942164910218464,0.39851495264461567,0.1797716165898216,0.5744297597040812,0.30929525319139933,0.06684046569258062,-0.19447828657692534,0.17341293973191357,0.21777281601454387,0.34266267014893304,0.6818898378076079,0.5676400859337389,0.3057664257539795,0.3010253438832785,0.3029782081562495,0.4659825224110162,0.10149710234225363,0.3030189823217892,0.08438813349649707,0.3296056353354745,0.541150132057581,0.012761046497970911,0.03710475143739744,0.5358946142500817,0.24654986777160737,0.12355198660433502,-0.05372446446503577,0.6223814243307619,0.2920420050809071,0.08324561668870062,0.1306009459413444,-0.045835321789182905,-0.003979107611155135,0.4042183300972639,0.017415580522405383,0.38697563680197844,0.23746823756646715,0.11032288254525206,0.33409203685654676,0.043100162156639116,0.46165654455409655,-0.04210917664731043,0.27129176971603763,-0.07591074294797812,-0.0976387472607911,0.11934773027528016,0.08680433684574912,0.14253201735186158,0.13450586079795673,0.34847981744204115,0.11179284817360635,0.24034805946813784,0.08820277612802604,0.02505720704882578,0.3250984419010146,0.2827027433068634,0.43687345629393515,0.0693384933390567,-0.24539188206953036,0.250956168923977,0.31353859750100826,-0.08240508630375189,0.3537828576808912,0.7281165783106456,-0.08593875246546114,0.503344584168273,-0.09236798745340345,0.2969227514475498,0.06517870534416983,0.5898229511093525,0.06069853126863904,-0.0072166251428703275,0.5789619109539592,0.12019050751840085,0.21508953329622577,0.015024358463964457,-0.03541359466673315,0.10690037558398159,0.23619435874967723,0.11141957003899203,-0.1630446688051468,0.5221880922726687,0.13269088165053905,0.15817391442832207,0.2459985792333044,-0.14358847101020378,0.03184231381644006,0.20756893158346715,0.371404358303209,-0.14514507041543492,0.6315236252861541,0.10272135951895042,0.35359144182297403,0.5391122452483017,0.09915389261453161,0.42003967893679384,0.2903246716307595,0.19213268370976094,0.26529556259964604,0.0014657839398420692,0.019458085021456434,0.4161462116745333,0.15477343246810973,0.05010302131772823,-0.04200566501727886,0.6154655034358123,0.006432495944727972,0.13607530376549104,0.17203201592605022,0.21076017302263217,-0.2147272887662313,0.6073384945855338,0.7032446198272788,-0.15084876222086502,-0.00860788234511541,0.30198645518469214,0.02627965983395591,0.35370951691906677,0.018902028581988976,0.27571521038290103,0.26174125514760654,0.06388888477225863,0.33305697055884703,0.22886304298590177,0.30272264650390096,0.025396729322601643,0.525880358501658,0.31600071415064446,0.6515827769959234,0.5188217177201273,0.08599523017026303,0.5147782915531581,0.47366680256863536,-0.21626327852891755,0.0883423527852054,0.20689112180807398,0.2739093100221948,0.19512603958722025,0.112833237424843,-0.1278224273826277,0.51065965838069,0.4779516509496318,0.09273031222126563,-0.09681262962751953,0.6018593634132227
-0.5446263128201486,0.5904922183712061,-0.09880578391749936,-0.004350370799996037,0.13067329281575232,0.3845996648381542,0.4391747274431945,-0.054449580311548854,-0.008843674999834709,0.16940051769184505,0.4500453611529154,0.2660176353774179,0.20922593437525047,0.24964087465800258,0.028343762189732693,-0.26457617849467696,-0.009887633992328962,0.08295156029851741,-0.07106556008693841,-0.011854172416607554,-0.1750413976473147,-0.04243610550053116,0.26923963987570815,-0.0009516519681287202,0.2658544006794076,-0.46358354488245634,0.07141384073407271,0.034362536457161315,0.3306871273857621,0.2445931496149322,-0.24133626807104536,0.2011794193800641,-0.0686285041187247,0.22749195269880126,-0.16772472020680054,0.13573683347141377,-0.07285471753177883,0.33723471321587134,0.2904262661830853,0.17273900935552777,-0.07041364435393316,0.3948251615309556,0.39275349844287083,-0.10923612322131307,-0.038051560854727294,0.2571485459707488,0.035174027753866924,-0.057772715794514845,0.21471018317964508,-0.0041656123595915796,-0.06975838487086215,0.020390366575926827,0.2725277507821737,-0.15703423962481294,0.14942164910218464,1.0,0.2481150378921414,0.08533836769384041,0.07291812057679603,0.24155131236026603,0.6559840476438105,-0.1956764586126512,0.11485501597578189,-0.19446724414378394,-0.0171695224397004,0.11451935103398606,-0.04696247655384062,-0.018653505826882626,0.25525799637123103,0.003833594785194968,0.21084650343363232,0.30215378151267364,0.4925740989928462,0.46397020717374543,0.3778188126794575,0.27873929515675283,0.5041681423268156,0.10519028024446009,0.1414901177006222,0.08154334262713693,0.038921471686538714,0.5159867028707774,0.15014766794264855,0.2533511668611479,-0.4840474483064064,0.21479724358706068,-2.1836289173890124e-05,0.03517618924794308,-0.09057196225268314,0.1277408862519787,0.24786932524159513,0.003989115421828326,0.0013426453293064696,-0.03830912822640683,0.29914148002662405,-0.19889264361804204,0.0514642772973481,0.07143024431450226,0.4081527063114844,-0.4083478431632284,0.43319385119538517,-0.2731230899916161,0.13345781214723765,0.34796151969962996,0.04778319452413775,0.25458329365785803,0.273328685336055,-0.1997895514982076,0.03904023073230466,0.02695201125994487,0.13366499200531023,0.15245753319997357,0.21836834705049324,-0.008500785222991704,0.199795416913296,-0.20658729037849927,0.4831802573709952,0.311342275991423,0.16824536888754685,0.22231651066148084,-0.014447095672868926,-0.2837422743034064,0.2007299332681435,0.06567624324395334,0.153321413103372,0.2871149411771143,0.1229702994726846,-0.14199285947074516,-0.060455177620259495,0.1953334975418135,-0.36305057558207243,-0.09523145815802832,0.45979283207227684,0.10069982618171824,-0.13353848270534033,-0.24371546604878025,-0.093911507488285,-0.3626998384479307,0.22784636740745992,0.40937118080853313,0.4676290400896044,-0.15775819764183305,-0.32983288666145816,0.30586924829347006,0.07212884456260625,0.11435500268153376,0.15233969308654516,0.06522116849433647,0.5008311695706541,0.4902160534087033,0.33281428785467077,0.11694265835818836,0.14559979523505334,-0.0361917480753797,-0.05550436315964381,-0.2980538536724967,-0.1712170862328319,-0.249677251712963,-0.32966929640117953,-0.21870076917617856,0.21217445818453215,-0.04070345389456811,0.13963901382877794,0.17084581881368793,0.2315823362154717,0.12162001805172273,0.41123686580702495,0.23080221031123774,0.21683553106782313,-0.2825288661246079,-0.048036048447675166,-0.35014772746449,0.5035643903156154,0.23069317430438557,-0.1382548028229438,0.12502933573432046,-0.2738214698013444,0.015811174339005887,-0.13281574934830503,-0.23968785586292454,0.18285548341208024,-0.0023306551046731678,0.334197727854062,0.2448223122891948,0.014780703448032067,0.37576542382201905,0.42051150436368706,-0.25157871707467827,-0.2820258371691955,0.16215633942892776,0.3676550090516979,0.13416532178040166,0.3374768626550727,0.04060222007278901,-0.1062852701822778,0.31264253930687563,-0.12166210592473822,0.09137979651094963,-0.048380288918460836,0.04500039409485486
-0.1491876064767765,0.2385275011185127,0.15489053782859982,0.22734124567339895,0.3377140685346086,0.38508098581173644,0.13444428707347192,0.41003719796042626,0.40223620085297,0.295079058363791,0.37505146765778696,0.16042649855338467,0.2619095711842209,0.20310655107637268,0.09775035551994889,0.12622521028731304,0.045518291034296415,0.19553473755560713,0.2877994846080621,0.01292468352791097,0.12950885639926737,0.22254271593654146,0.3825126564904555,0.2640303590023362,0.3055563141992817,-0.05737651932015228,0.06620944723254078,0.2912461384958442,0.25515683232631725,0.08324743019294183,0.15168205724747938,0.08393300809780097,-0.027218414197646222,0.23872605992832122,0.15202428328720208,0.2119745093902676,0.22764860546911309,0.4308222699238797,-0.035937775985594056,0.28563343169449756,0.29022333489104757,0.3173061606095072,0.20956258931761473,0.014228041213366282,0.09455442943913285,0.1995202862498217,0.08725273986633865,0.2728833612409165,0.2610970127372449,0.2600521916699874,0.21198406417664936,-0.00424224452256966,0.46518558271243327,0.1585073037748417,0.39851495264461567,0.24811503789214137,1.0,0.3298463490293576,0.08324521027369627,0.34557678916610035,0.3218958937744601,0.04551973039088754,0.34810969925358676,0.03361922719007485,0.17233689122765866,0.3036255116726602,0.07179422691064653,0.22275986737483539,0.17919134208772897,0.25595579891431214,0.35509284401960917,0.30914380719542184,0.4996237556879352,0.46580534304452276,0.1786523979843586,0.35080521943141296,0.3616378908484556,0.31019532745003864,0.2105995187915589,0.29871926477328375,0.140084952509486,0.24161345898866907,0.31421565029412046,0.1939332943045554,0.07447486117568526,0.01435111356999932,0.14379109494756004,0.3162336596743683,0.31753505187718295,0.2052080019933735,0.3457355431167219,0.2837407418478282,0.14800127157360266,0.1811486063668079,0.16391647915132962,0.22553096314422585,0.19470373092813376,0.46155309719835413,0.22690861611335267,0.07011619624497215,0.21413612824244915,0.06178045217043231,0.3644600304664189,0.5816028080157144,0.24215249319139384,0.3204739902956571,0.1761369406487121,0.12254938891025614,0.3359425482059071,0.16760909831998475,0.24927263223527504,0.3222632054670613,0.03729425099420847,0.01112135984116462,0.20839169072432356,0.10522696818666785,0.3099339661110344,0.45330522751497876,0.35915294377838664,0.018764321920130445,0.3439590601059852,0.11477803262200467,0.3749474202798983,0.028734677888538673,0.21925578720058847,0.3630761974315236,0.0990091453163632,0.14877549910968954,0.19124031367312067,0.1731438251821947,-0.083262667816854,-0.039864152599060856,0.4834294126496618,0.30735025135393107,-0.1533117597201407,-0.04426158927730647,0.2321103979816652,0.07989592784329808,0.286128265467679,0.022440239737924906,0.3477952489076448,0.03403520889300482,0.13602212197916302,0.3422169339172831,0.07165347084311827,0.3504697205387524,0.1296421656764508,0.10971752333471989,0.35936464352264724,0.3281096821302575,0.33177383952168515,0.43239864707328796,0.1709827498202333,0.3514695180697127,0.16128420915564537,-0.11619335915167978,0.2947665159559723,-0.01022461225395902,0.04765132112730959,-0.07356923863871931,0.33217729540087515,0.36531676610029423,0.13361004959696476,0.24275945877272231,0.2633249869802802,-0.018958347659086525,0.37943526139657985,0.2990818883514349,0.1728337877493766,0.09124925659583741,0.28403103581529104,0.2008619590687393,0.3883769585976966,0.1777356836127242,0.07323381402426803,0.24458853735925454,0.06805799334925391,0.13754144120049497,0.2587995606161595,0.199600574806226,0.013545667623306716,0.10011749783361235,0.30650623878749916,0.3179245516294434,0.37981993098436245,0.3944434999922754,0.4771959518809249,0.15536215808700357,0.13276844597563492,0.4063525869702416,0.3477605397578975,0.3309663133773757,0.29178692559029595,0.24054690135499518,0.04283082550687346,0.4321666719632896,0.06830632886031947,0.22889388193559043,0.3117619232579404,0.3712389301123998
-0.27056323187018533,0.5616044067628955,0.8352043219508833,0.24127222125947928,0.6252901318465331,0.6452040092676355,0.42827436284318515,0.11726367941153783,0.21916866255134596,0.18805634900586604,0.3177923620707089,0.38237706868790733,0.037811135853955256,0.6248424102762072,0.2004830735771591,-0.19105212445062011,0.10612631834146648,0.4101339056026648,0.785548814248745,-0.13370680214444666,-0.00401047226027331,0.7261874802490067,0.15639489485994387,0.07923666575140917,0.19704603301523954,-0.10487806155569715,-0.012578907396883181,0.2717988382548348,0.6176246051660931,0.3117247980745515,-0.049166604043547765,0.18523069334897083,-0.18185536843142786,-0.07638434065901852,0.12106049016858106,0.32376591069578387,0.5724688812716487,0.32583954252652025,0.20637199557822655,0.4188065086633424,0.3397972832046803,0.3770622847925975,0.2541760510815206,0.00429196163549807,0.3714778176531297,0.8229514480271586,-0.04599276657057326,0.5090299544060742,0.39843444787585813,0.018962133526228116,0.5076306189969034,0.3420178443172891,0.16394086908141925,0.23263446918621597,0.1797716165898216,0.08533836769384041,0.32984634902935767,1.0,-0.12904499259466107,0.08904635599804521,0.38324892512590814,0.3106633612534562,-0.09823082319121798,-0.0627097071114785,0.06302253584781348,0.0925905345177252,-0.05233222493731963,0.32781631359482655,0.48400318405992593,0.261889960814268,0.12159328208556625,0.5165173380838581,0.09428654581864993,-0.08183624430265504,0.4051631886453001,0.5230653991880299,0.41438269812501,0.28141123207030105,0.2078365509024204,0.2686662848303624,0.8018428831137827,0.5493482459387549,-0.022453131266451154,-0.03048120106462143,0.21302100997066026,0.21630628441028463,0.3154852483180962,-0.014505086732031519,0.49205332234745874,0.1614365551881168,0.49582730235461725,0.04085801901837514,0.06272382831145301,-0.04641956537462366,0.2920458726383573,0.20517273425983787,0.5273406593270378,0.1589687566414564,0.12538943866976354,0.09586063655520867,0.34545604126237633,0.007982321990676217,0.3785313161830032,0.5839814438799502,0.5954139349974725,0.4905854013711828,0.20548265628911822,0.0967190208890065,0.6948581971647462,0.054661972157101134,0.17024369927790184,0.16461249182585896,0.16538585215229926,0.2615733516574181,0.17860380175451293,-0.3111896099968615,0.35395835823912586,0.16547151097369786,0.15769242513514645,0.36693499609885294,0.08662905074473533,0.39239966572214635,0.3748288433123871,-0.05423771622235984,-0.15060025762956417,0.12557884177796141,0.397586019862361,0.11636076090698602,0.05870090304717789,0.31722374098598943,0.01162579579237366,0.09683697486742808,0.5333078201755144,0.100455100746729,-0.1661023490381278,0.04324285756417059,0.1609201165337291,0.07670327853537888,0.7698679806555626,0.3960187076347496,0.307432195498204,0.1973642488628043,0.0008796441710034826,0.22501518919552385,0.1780112950428561,0.28337089014418865,0.7186594786269113,0.23840250667359034,0.2837404747065897,0.4831387256151232,-0.19292418005502304,0.33816114679484743,0.2852139558590843,-0.17383073198594054,0.2957376154213064,-0.2974013234980112,0.006616461100548975,0.03177821208465075,0.028481942890951243,0.16778557714489553,0.17576097207883434,0.204738097318536,0.4308837255495257,0.15279556623257648,-0.0310523713838456,0.480789856331708,0.19835599559376701,0.2079950064404941,0.02650189891943884,0.08942678641492065,-0.18406554498909272,0.3062263872812452,0.14949099136063174,0.805314166729046,-0.030998214193859824,0.3694621405761139,0.11473986305171577,0.048119133244712335,0.5810497079611577,-0.25504211334287236,0.2783642772654107,-0.2328647231810715,0.44243768673661293,0.028748890249011543,0.281459783472749,0.5361532178719274,0.38642818218960334,-0.1060952516143557,0.11533628097184434,0.316203489826242,0.5523249447503908,0.3098064263483811,0.527964723937441,0.2286406396338405,0.3902746177059063,-0.012567008570270252,0.26579691674104106,0.2782597954508177,0.4161691038124928,0.3868214747361521
0.25866593303754276,-0.2694817619328956,-0.13863758077872748,0.42506635152277006,-0.08893096051880008,0.05495642216869838,-0.1980197092817869,0.37672720486461225,0.2986074125680731,0.1866972874493174,-0.02565999821954509,0.3204290457056363,0.6453833473690838,-0.32401775724312293,0.27273834207804026,0.09668650309375434,0.3599346548360871,0.3594832424448323,-0.2376216523191755,0.7760712368930668,-0.0094846342862682,0.12042623533653407,-0.14110535256420564,0.6033740093539749,0.6234728948212911,0.22068904183086568,0.012861079913218472,0.07536313344319213,0.07971458178951302,-0.21103688020021064,0.405349517063295,-0.40865898065030465,0.6776506568881528,0.12819834418961337,0.5241186612868084,0.3523608500024104,-0.013393606265462309,0.2318106405352573,-0.23940144647520636,0.5457060928066975,0.12538144772983462,0.23710833605134726,-0.1481802984882646,0.1300276018942343,0.3606566301815386,-0.22019816264903003,0.3210578189194051,0.17381331386695645,-0.35391967785101985,0.26091184456856714,-0.42046041902727105,-0.14887474513033694,0.3600401925958088,0.15240239320921908,0.5744297597040812,0.07291812057679603,0.08324521027369627,-0.12904499259466107,0.9999999999999999,0.2069356618935901,-0.1945839762426827,-0.1165415794102962,0.28401090543481616,0.3553942448237121,0.23431828974545346,0.609610266472679,0.7266206946226323,0.2823109836733708,0.19462862218093535,0.2664154884336724,0.7243459147338502,-0.31045614810281835,0.14123676352907122,-0.1341254796578815,0.15317352056931413,0.34752105858696,-0.017251497924183904,-0.1964484424513912,0.4547063238931187,0.1701751018055311,-0.045502048749450685,-0.35940045045524394,0.7014876540793678,0.18934549048756633,0.20259528493969237,0.057978983556198516,-0.13253174531035702,-0.01776279824984494,0.31521880049772455,-0.012604578583588549,-0.005655887797764908,0.10890894124175866,0.24540522355860886,0.41927218332899274,-0.23668824500728936,0.34638146521711716,-0.26312612138228914,0.09395878916795174,-0.23320095224671805,0.14864202573576507,-0.08536895269817303,0.2228276778415586,-0.08762749991099471,-0.26292146204966216,0.20902018965739635,-0.1126967233143718,0.011125938384265805,0.16315237093673277,-0.21553002114349584,0.419971809345086,0.18227265306639476,0.31923762332330297,0.06512719905050524,-0.22243379054720633,0.4119601935327717,0.39598988667045776,-0.18382502640723053,0.36609907468291586,0.7397357918843196,-0.0949240116836712,0.46491702761745735,-0.223402589061639,0.17079352827800617,0.35585912975896994,0.5213476764179783,-0.0730222649110739,-0.20102907738966438,0.6083014511315142,0.159243273876562,0.0627642440331171,0.2008917222568375,0.290609491476045,-0.28255583245355825,0.06859355872850274,0.13035616635683386,0.06000587417149404,0.5262353180292197,0.340507411018626,-0.15873333388965138,0.10849353412554462,-0.18874187362776929,0.16700751585473123,0.4456932889859014,0.6575863828300205,-0.2722137032419611,0.5070366213321112,-0.06220472428018364,0.21671270263405948,0.38245020417246756,-0.03298042119398286,0.18915173450655653,0.3219240524102161,-0.06523311281281084,0.2505721385427007,-0.15831778172474062,0.2571913077583368,0.08719577650174223,0.2934222924100102,0.26161189960579007,-0.2003024354067855,0.3199051401775206,0.06794823573792295,0.156592266790489,0.3029531265585718,0.1350093835482612,-0.29383160529518815,0.3568731187483909,0.5736959387456116,-0.2861152492434637,0.23060852262431084,0.3064981849562331,0.1681649806901084,0.11876234317477731,-0.3238103638138413,0.3529811337303593,0.2827939313651082,0.29859538923705803,0.2905885642680553,0.04377888484775861,0.5146542143258862,-0.03854459060016833,0.265609785210515,0.008234862339317238,0.7177027778042381,0.39806213340891355,-0.20357329561283619,0.4041710098601123,0.5064327016054055,-0.05578693277195841,0.10208728958742865,-0.25028785970384054,0.32989428284488753,-0.13594672184975037,0.1297022305947491,0.06478967596667647,0.41589116605703724,0.45439697172074595,-0.03349078169734683,-0.12380973216549115,0.30905556865523787
-0.06979409264480921,0.16572290982427476,0.043951958483721416,0.23623857614817909,0.20611516045177028,0.3985191521391101,0.05990090778868103,0.22511938299403525,0.2629648560588765,0.22855904348633693,0.25380977975911917,0.24420805796787534,0.2616473411990831,0.107471966111372,0.14960778274717815,0.07805327286507777,0.07504121866988427,0.2593315883301459,-0.031072736996143078,0.15798602347402874,0.45941753110722855,0.20530603533421882,0.19045419845551556,0.20373099528114988,0.4121940523187007,-0.02992265056777854,0.02748574372032578,0.3030436842346433,0.2941148756069224,0.28917344453751825,0.17131642521478063,-0.13533975043243615,0.17257721305965104,0.3854907980353964,0.06065217293165217,0.13610592408292058,0.21510433734391218,0.306725903109793,-0.0004728601288074862,0.28295261497874863,0.30276908444370876,0.28008180311920705,0.10161998317751944,0.18373419270558983,0.20264394422235035,0.18876850120804395,0.2027614059377201,0.1918428983653875,0.13965681264077145,0.3867168494987427,0.1350401537199912,-0.038655849023586555,0.2666422154722064,0.19649025914334745,0.3092952531913994,0.24155131236026603,0.34557678916610035,0.08904635599804521,0.20693566189359014,1.0,0.12859735063871172,0.028042692146192316,0.2541789943851193,0.12771383656160445,0.502714107322729,0.3265866968554625,0.18722142426580338,0.03370447185762315,0.17974722047086314,0.13736753005481964,0.24451643873670775,0.10625716775716677,0.47019123274202096,0.27475111163071697,0.272615598490584,0.39331737493658253,0.12758049225494722,0.11317286055833303,0.27047185795632717,0.3021233154332209,0.14018572007320868,0.16795152371472274,0.2500312069138071,0.13498546350640814,-0.029844066454108323,0.08035750173914293,0.0772575441091324,0.45232137798248234,0.09056598133886704,0.2466415232688662,0.18214416803762948,0.2020862806621966,0.18511324897537904,0.20733194436291408,0.15523604477714495,0.2464900319629979,0.014122244097269332,0.37978467554232775,0.17696534631852126,0.0038608926598617875,0.25723063766581383,-0.09235927182791015,0.20122265902320752,0.2614635147244232,0.13925826241120304,0.2863622268303242,0.22605808753379747,-0.00524202027026711,0.12303621646212208,0.17754975054078448,0.5771118106401241,0.20804073274331533,0.16511527955857144,0.15729735466898226,0.25226259817323493,0.04972479188887804,0.12410587542996813,0.40178367764914585,0.2922866020377515,0.07226033529656871,0.24795262678779925,-0.23608551608794656,0.4093422797017969,0.06576034073457653,0.357922070963948,0.31085278900948476,0.17537123389925227,0.10163631963482181,0.12022743305801,0.18228649549875411,-0.13813726555306066,0.11052439971604752,0.24698917326514047,0.43505596745864644,0.24484774922847266,0.0973604126230868,0.1651128619908511,0.06834828660345656,0.15193330501350943,-0.03589296120005479,0.11293358045403588,0.09647596653156529,0.06975407947481202,0.18986454098402372,0.19381399228381746,0.39295676353537035,0.08344388674127227,0.14131870740386646,0.34294764137205985,0.16081565759309593,0.30952290736495897,0.4015542069130921,0.4027928917353051,0.376487744949034,-0.030179910801275245,0.14337351375739418,0.2854106494449088,0.007494468260798675,-0.0288206405408259,-0.14315038072110317,0.45577071022111726,0.2659195544288185,0.2594226671481481,0.20171896171374862,0.08898087174253926,0.04045850436426368,0.31878391715173543,0.2303124823598776,0.09038678366125598,-0.044486929742622264,0.25425611666338055,0.015550954495587969,0.4217640147261341,0.21106608587411516,-0.011757329675874811,0.19680687213370374,0.09962679848194599,0.29045328767779716,0.10881291649412984,0.09949701254031937,-0.030325168120181628,0.31301200132546947,0.3146255908194349,0.30574311325145764,0.40932125250566065,0.23608079539276647,0.3919068355593553,0.19993761258640505,-0.033872584848950414,0.13120359016691827,0.2801282918576437,0.18011245974303586,0.17063035636524018,0.21755602123202275,-0.07540890473344426,0.30060966446447257,0.24138587362508432,0.04860331796823675,0.08956099387260215,0.22420989123219284
-0.45264085226091477,0.71331316946621,0.1818034429716702,-0.07120668667335468,0.39546049789909093,0.5424261954754319,0.6639749066249229,-0.06384222640136675,0.009131927513221425,0.2796163148029155,0.4376663250480202,0.26003421130835647,0.01785145430677206,0.35095138993510405,-0.013360304489894493,-0.11017009748518643,0.03252789138416264,0.08561004917508393,0.20340551473001459,-0.26067496776528193,-0.06967027557983269,0.22299370402095284,0.4648162931650856,-0.06901066328466758,0.15716144932169768,-0.37494353853135454,-0.09957596947441535,0.15651325721232257,0.3818387460177004,0.38131592294564376,-0.11038836560794268,0.448271303002123,-0.2290226950388774,0.3044551577979702,-0.1651591056051684,0.1037002245522727,0.15220542157214723,0.4739367183648995,0.3409819749594734,0.17274509776296876,0.15836591735165,0.4342775747082881,0.3803152750169454,-0.16040086530424977,0.05144038050312643,0.5390095722326985,-0.03839032316668106,0.21059749480229004,0.4685575337580502,0.16258995287045233,0.2839042565715809,0.24734507020845484,0.1851668854261648,-0.1866406458236426,0.06684046569258062,0.6559840476438106,0.3218958937744601,0.38324892512590814,-0.1945839762426827,0.12859735063871172,1.0,0.18457836414463588,0.019934153597428273,-0.04401285140117271,0.060874739884021485,-0.006584530302005466,-0.1252855648501278,0.0013881563696738284,0.13575163366057766,0.05267249993477629,-0.08717151339534476,0.4427809902577109,0.39683998231425893,0.32225597523227156,0.5114559349320407,0.33123659451798076,0.5386903471048897,0.2445635712207892,0.13299770865021035,0.15720592178174567,0.20967915968847967,0.6992857219504526,-0.12838445401088497,0.0814444201227885,-0.34356197928458926,0.2455490320192039,0.19525234590143292,0.12136984521986083,-0.05915351203262473,0.20462577617387834,0.3173629544625833,-0.04121473129985563,0.24142193896418945,-0.12089147497519385,0.6683457064060871,-0.13155841041456337,0.4384081682493027,0.19755969645793323,0.511559379824122,-0.19609645319212546,0.5310467745011609,-0.3138901994147215,0.33854244076640533,0.6028336173069389,0.10898184434260538,0.5390174062333705,0.20057571589815507,-0.1833436212502582,0.2739458289289809,0.013374961269859303,0.1852748864395422,0.0185657494388297,0.26717288258781,0.30617024456570746,0.16624297504370256,-0.20024112275221284,0.4828178262990691,0.32847088756106896,0.0015288361586809462,0.3553957995311441,-0.036357444945875575,0.03829639883614834,0.19407049873427237,0.0008389000721120461,0.055918950555720236,0.2553101363708772,0.5314157218015265,-0.28174520419418475,-0.1842582635344513,0.2045006921328852,-0.338792967155479,-0.06612515948447231,0.6697011275340616,0.1644204116979621,-0.13478913682691995,0.10394040884502588,-0.18345039086048898,-0.41418043017015005,0.5290270295237868,0.39600895553359977,0.4638880897462193,-0.2652244139431583,-0.22614326967426432,0.14386889541313214,0.09131737809862485,0.16322317517728635,0.29784410205952766,0.1276087627496629,0.4635649948389164,0.5675921567491354,0.2459424546094445,0.1604717345897871,0.19682200502811975,-0.11119292180397503,0.21294087169236034,-0.15856481143329815,-0.052147236419044535,-0.2591271933948423,-0.24005241302874084,0.05815544884444968,0.22461083204747037,0.0762890293689176,0.34319103932558054,0.2646240873669678,0.11783175721756778,0.43236338550072456,0.3601548268280135,0.05915204434255041,0.3075857517765667,-0.2668169288345103,0.0586129456685526,-0.20072546378415462,0.5285926640396756,0.5341369128305467,-0.19448377497167346,0.18900939115674978,-0.3080756403777001,-0.08317041654880594,-0.050332805881234725,-0.16681992120995734,0.3704700463213681,-0.04718913296689592,0.5056321154853789,-0.021993724531892033,0.06923246888178249,0.5620905841179553,0.4211073385468307,-0.18188760342972213,-0.08702761710198062,0.31347392596495066,0.672266072793211,0.1626057442082959,0.5568566485421576,0.1495170552680477,-0.010441129201459984,0.04071286738498426,-0.09550884100331197,0.17975651319732883,0.26669331744554037,0.08346268188077811
0.0245283809790334,0.0005263364783316566,0.36907304284928666,-0.1493214517648152,0.09660996544861448,0.24177058964891265,0.187839046917362,-0.18711860948524828,0.026598304506912206,0.035477497790862025,-0.05037537010879451,-0.04987019928021607,-0.22346558666692987,0.21958999728640768,-0.015974160243720534,0.35116223638025984,0.19281009358394985,0.028715074965098814,0.33200944206969096,-0.18269857778967843,0.10145522499320614,0.23169494428395762,0.25591054880196873,-0.06305380038322338,-0.11178548969485758,0.09140234341326073,0.0460588319772194,0.07164122510114551,0.0706030043196626,0.11209590371354862,0.14897863015926632,0.3246950998356917,-0.08041913022048383,0.16004486505522703,0.08087567654022543,0.09096913879031909,0.26775327266821364,0.11273359635062838,0.096912745429283,-0.08070000161878865,0.45013008645276353,0.013856172740277723,0.009504565360371019,-0.15127074062834484,0.15396824689153202,0.31626709035698036,0.053671656141099144,0.23790171898586052,0.09731980353956665,0.015545988497620651,0.2815487755512002,0.23651544557618795,-0.08811684659864477,-0.06028426947217373,-0.19447828657692534,-0.19567645861265118,0.04551973039088754,0.31066336125345617,-0.1165415794102962,0.02804269214619232,0.18457836414463588,1.0,0.21723218771767933,0.22568314992212601,0.08853068295995623,-0.13900013400886335,-0.039946017280573405,-0.072194159841844,-0.116976468460304,-0.05612541447496289,-0.06285722605839307,0.13495360918215357,-0.2013535636538325,-0.06459530672894893,0.06444416748575243,0.11985498407040981,0.2016639163318697,0.049741328690332424,0.0232005799467599,0.238304864615053,0.22016167779974638,0.1381725559918946,-0.16268472514181062,-0.18700093303787535,0.18403989118348452,-0.036848188120124734,0.5168355599725999,0.10296514968940822,0.0017045230705109498,0.09929204632575334,-0.0868724385174222,0.04352228902959711,0.3450657100013929,-0.05641228995693647,0.3095066147022519,0.042484785224852224,0.4171040030432738,0.08159315079615878,0.12166163079886273,0.5316709132355872,-0.06491676408933235,-0.16579625111743937,0.2486749897543437,0.057949322148271705,0.05386731301461324,0.34335551194539715,-0.011038785023624676,-0.06433224874567862,0.3619487954277735,0.18764968936744192,0.16482774937737668,-0.12063708821150819,0.09653292951042117,0.43284854815121965,0.034746850843572354,0.13759767711679366,-0.07557793293229578,0.0023378453668248473,-0.2176786829875468,0.3061178316561343,-0.10080268742622679,0.532358533798369,0.049651818242276345,0.16426008320851868,-0.12078528067961387,-0.03587413610079236,0.4002114902107058,-0.10508959498931537,-0.004227116795165393,0.13513035973363688,-0.06005035047729114,0.19465854294922022,-0.027203437956260113,-0.06165513881817151,-0.10959154089891437,0.43839766005057573,0.027652540928258265,-0.01797643998344182,0.28350466969128457,0.07700019594937012,-0.008411412142913884,0.050724834404205034,0.23061807627937222,-0.057135823287418154,0.21395571049198375,-0.039528855104892964,0.2802175445460672,-0.0838883063506293,-0.14666930328035116,0.03994138064097205,-0.15861558108101026,0.008760575150843485,0.17541256574362843,0.005211303024818083,0.258085067460067,0.2769099246829461,0.024572162239090187,0.00020826160850928672,0.1348203464693384,0.34892744589636493,-0.17607235064357774,0.11286658900058004,0.2870210655286623,0.13588420090289338,-0.05898410009490961,0.37565743833515164,-0.34149830235402345,-0.24401715589408454,0.10847466065946088,0.034867338657255886,0.20454024761959336,0.3648533252074361,-0.23258984377694936,0.3019195417094046,-0.2668529168150677,-0.01557230884612473,0.03273917222595159,-0.05975353477080456,0.084061382425364,0.2605976797103659,0.48219688278451095,-0.19830628766206276,0.0647000358472363,-0.30399178196481724,0.12154096101436955,0.1979928122890343,-0.08409064974752183,0.02200540365195886,0.4341081474701206,0.16873347712607864,0.22724163072906756,-0.045809406379000196,0.15683673723363892,0.13264497933718894,0.14860650652180338,-0.3874121322066114,0.1005724231361654,0.3091347702417766,0.3234309728775519,-0.05008838156419995
0.10824762628639106,-0.1507815926359143,-0.15951438021051362,0.2713081962017332,-0.07340956328098104,0.08110196935823587,-0.10326213812990508,0.12842151326094567,0.30501015872575515,0.2800369533882084,0.1277861710500278,0.006495817613225773,0.3122010780785707,-0.10156521928216009,0.15024819497572742,0.5429361519019568,-0.016950525267784462,0.06758991564632931,-0.11994624488282145,0.25620507721812097,0.030195825929106645,-0.13738337193393843,0.19748655036722532,0.3355185619873926,0.19616893596063728,0.03705605491427362,0.14793958174855223,0.07400164354017628,-0.08287157194405048,-0.03290472008397038,0.05297092580536112,0.00014360399386050487,0.3180316580980815,0.28942020771168914,0.26171848188110475,0.24180906440398056,0.028673038975818247,0.27561119292084046,-0.220502082401022,0.08228251960907516,0.20846360361348382,0.1272524235309733,0.06263698566335328,-0.15287412782164161,0.05144092005799403,-0.12029475125955147,0.26849987709192885,0.03576259983807541,-0.21348773529998488,0.0954769934908945,-0.2111610628186671,-0.25203296449526624,0.15203667425878656,-0.20468109573526097,0.17341293973191357,0.1148550159757819,0.34810969925358676,-0.09823082319121798,0.28401090543481616,0.2541789943851194,0.019934153597428273,0.21723218771767933,1.0,-0.023488579482838355,0.17823458116492086,0.3953976995206482,0.21672144378315952,0.042927688172012125,0.02776054949673474,-0.04206995238765004,0.28733359656493024,0.03307302156113452,0.2728105035541025,0.2530718414255024,0.12400029808413912,0.09299098581034693,0.12305906490389089,0.01699012819455778,0.21269365807204096,0.35720454396569806,-0.21061558057527835,-0.18455127925219553,0.2504281997974805,0.2525401852146279,0.07716709956003977,-0.03800307466828522,0.11544059861237363,0.23493359619706974,-0.11127372711276369,-0.046628334025584674,-0.08997152499097347,0.2745470868575957,0.24072429350777477,0.1577158152778686,0.0408397973383945,0.09695446304252128,-0.03923961622093658,0.22256529087432747,0.21829216350467484,0.3412146587610677,-0.09046337707265935,-0.04599008967100335,0.3397984244194934,-0.01840467538180568,-0.03201582697333482,-0.009139151741440386,0.13604543886217746,-0.12978129377112918,-0.08257410544717968,0.23402186284338783,0.13721745880527245,0.23983617002573812,-0.03965789329699507,-0.078193465587242,0.03026525092498113,0.4678697466578743,0.07115264402185038,0.249916103371724,0.30636788048334546,0.1195265842812581,0.27901644569731937,0.15444131928848068,0.25994117032633496,0.10919662363277824,0.37357944371175733,0.27623751087208104,-0.12927480855522883,0.27293927264184437,0.181309543089221,0.011517923408938596,-0.13779211451288326,-0.09317019084434729,-0.014545415576504784,0.12063225159905729,0.07653075121067349,0.13860474675197781,0.3169580915607265,-0.0485732393944774,-0.09735521416680455,-0.12340557675370231,0.26948270808790953,-0.14901365215349263,0.4103633456698744,0.3373340553135962,0.2826816671606831,0.14063745754404652,-0.19405170144829464,0.18315249650084114,0.04236518573433374,0.20849143364367426,0.37331806707479037,0.17665523298014957,0.12354006222780668,0.1837378400753922,-0.06226626241685884,0.2918618197405218,0.09553010642866551,-0.0783396079775353,0.20871657492274517,-0.2116318598139536,0.10069318231631623,0.16192332487315278,0.009276952653024001,0.15373145551674064,0.2172147420066814,-0.25436688712503114,0.11670146364116567,0.09692215386648093,-0.014116375977810415,-0.06566479930443318,0.29292603440131104,-0.04469003220001811,0.16257909327491107,-0.14039014948732612,-0.06901959562541013,-0.0020066030235271846,0.0544192732072628,0.035494013472897136,-0.1385492107373873,0.4050126044862106,0.06898453235590207,0.23370218680122282,0.06171080793840316,0.36371173639056176,0.3616561065056729,-0.12673011876238208,0.19007903622460132,0.1796820638678864,0.19818568329764585,0.20788033021227045,-0.05967524145156776,0.0836749525143819,-0.09713332597438645,-0.012535592138643855,-0.10273178847821827,0.23172536362708585,0.09312964945071239,0.05128773617122591,0.12041153702876127,0.17234291968474075
0.43355538864769644,-0.26174240092552226,-0.034539224137194326,0.13651689091090022,-0.03387837020095195,0.16273102026310468,-0.03906110633703935,0.024800708123228852,0.10613860275268823,0.056468860078097385,-0.27107263690811056,0.2587888480008581,0.1956689816144637,-0.3699841368803531,0.06490659692674569,0.25850133503266404,0.3610588715482586,0.22181120210045277,-0.13214138738511902,0.1621217757220101,0.16558021908783066,0.18409751144073266,0.07766775749781453,0.09801861467256283,0.4029911246672027,0.30374455073887074,-0.3155195506548397,0.14197788769324354,0.046582356252709345,-0.08860768435075897,0.6294102103280395,-0.2321697633804709,0.36951548924648464,0.07294922578533436,0.09230456056234577,0.16168347056727697,0.08308394423839097,0.145279965742009,-0.19103288696995901,0.19392531423836326,0.3871742995010725,0.22405583471148302,-0.42777865346601013,0.10761565862143281,0.14433962599135625,-0.07219285029665179,0.27995587887480733,0.3601581778434783,-0.18839895967896553,0.429471786566229,-0.20713360404829984,0.04853339719604973,0.04046782961719593,0.1780247071626308,0.21777281601454387,-0.19446724414378397,0.033619227190074846,-0.06270970711147851,0.35539424482371207,0.12771383656160445,-0.04401285140117271,0.22568314992212604,-0.023488579482838355,1.0,0.5322165896710983,0.05512510949730636,0.23705323031738085,0.07921610861196234,-0.04876068069235436,0.13443162831791253,0.23683546971367309,-0.3898738424597596,-0.059428891370159394,-0.29581349386649075,0.19245763366279603,0.20319497230892233,-0.11237808975661023,-0.17299377926304652,0.27075530580321727,0.20517783328426017,-0.014109826181275419,-0.21768966294979297,0.13923195460454307,-0.071979581682094,0.34492682282321585,0.11128729748238082,0.19760125834908138,-0.00152273114295636,0.2454164202827897,-0.05259099676103442,-0.05673029039921596,0.10937195975702109,0.5545321881910527,0.19358133051721274,0.04864838772787892,0.04400418015485633,0.07441137784710385,0.04135832524074552,-0.21672443382810835,0.2819260353816037,-0.20767095984708764,0.14201817730193808,0.02015735778499932,-0.2877153364574734,0.05984941521510282,-0.03053419791621653,-0.19704156840882162,0.0906637814546334,-0.15598210147338334,0.2114593030749344,0.24696484913635716,-0.12828863834339294,0.23435115889725308,0.1371509952320993,0.40744328931602125,0.26713444875390135,-0.2757886367243344,0.1949340160212,0.21931106809867051,0.08998496334069982,-0.010058276818150079,-0.01626346507520781,0.025265301126715902,0.3029931538653556,0.17196017939386363,-0.15353299494546965,0.23055859290099764,0.17970476895509113,-0.13294572598965382,0.044743333333866715,0.2127307015580602,0.47225384854056685,-0.30492031284681526,0.26418276861104945,0.08467641812171305,0.5413410109408705,0.15739113557701662,0.2957179576389305,0.056584131442694696,-0.03619575988091331,-0.4109317203626594,0.08645304174096768,0.4491455243906453,0.0696228749371243,-0.31248456544731024,0.14704419051015227,-0.07151013647680342,0.0369915223536031,0.10230131329904159,-0.19285116247497514,-0.033404048725145914,0.20061606387581501,-0.2871568167295876,0.07308628816748074,0.22565115693931212,0.5184324244981344,0.23823586428113466,0.29164414788117343,0.3598841524171876,0.02763948325396254,0.2635876468873301,0.14133237555447153,0.5698303676572334,0.22666711952640364,-0.23690603411944516,0.13047012223706508,0.06703818539592951,0.18592723846010195,-0.058172033893347075,0.38166651394798,0.3158176079709409,0.36869762081468743,-0.1128841635676275,-0.21330850046388952,0.18538660878258229,0.07924167061234191,0.26813279546123925,0.2346144247495538,0.03533855287849618,0.47757859723373175,0.11334615016592803,0.11308559728826505,0.02425937211347547,0.11838196608433937,0.07726756456859145,-0.04266926418730968,0.15013743475812408,0.4901426423098659,0.11532559953589536,0.14934395002920686,-0.11277498184213867,0.3876251281831523,-0.028666962008360275,0.25873771593190714,0.10103149608907022,-0.11053954503769234,0.42691969848189787,0.011389944517546602,0.052723500474614826,0.025428295503504877
0.06956703289923398,-0.13236383527698511,-0.013364891058859065,0.3468471046265355,0.11779571563635467,0.49956692420914894,-0.07474645431703834,0.14232581577588876,0.22552462296872952,0.2298828193768275,-0.023989889552643688,0.3873164685434218,0.29847937830405824,-0.1944050049476346,0.21237976462131064,0.025488214833204837,-0.11142229621567955,0.40923572846474865,-0.10864414240767065,0.19991693343591724,0.3876750728816019,0.2370734409157631,0.1395965068770455,0.3866551830978898,0.4997977083564901,-0.03717171476830491,-0.232646764029052,0.38836736325594323,0.3352132311330682,0.19456017864715297,0.3506679201053973,-0.21676525061837665,0.41769981283443625,0.02103161797317563,0.1846602109145574,0.26452220351817185,0.2924901201701465,0.3583951953827008,-0.3600470297427544,0.3011816699170665,0.38784570501132093,0.3530109707921638,-0.13900497486426383,0.020118151488666903,0.21474695100984753,0.12299498062595532,0.3294689643035258,0.3335436389393763,-0.14806805994559752,0.234322846493144,0.05198549838810139,0.04292746057196627,0.10205346360960851,0.08574919219003407,0.342662670148933,-0.0171695224397004,0.1723368912276587,0.06302253584781348,0.2343182897454535,0.502714107322729,0.060874739884021485,0.08853068295995623,0.17823458116492086,0.5322165896710983,1.0,0.32146290266507555,0.29638369246652574,0.1490794588130126,0.06280710017488014,0.16541615507656937,0.2604062239957281,-0.10748004645505645,0.10444646789063114,-0.018981425811595155,0.1945767407471391,0.46030566450224664,-0.0026717280137214094,-0.059705217050855935,0.4741657482261326,0.2462423447896162,0.07505725104272586,-0.016075619406852235,0.17756186773569438,-0.0199244147392585,0.15530632581698708,0.21391317324126283,0.09796060025169505,0.3253598432263931,0.13187233584329014,0.11837471735455271,0.15822367629108136,0.19962064781264063,0.34283089815164086,0.13790377238180698,0.04290206934665393,0.16278862017559131,-0.12177746750917688,0.24826529442616638,-0.06334206118693025,-0.029695201293441692,-0.006397679402784984,-0.13912816468311615,0.14739603545004326,-0.0443792558484951,0.1641185013827761,0.04945531736490789,0.0459341667960958,-0.10931138017015188,-0.06552948258659644,0.23504009731132078,0.5246957787644463,0.09018027819870886,0.15324165202309367,-0.10340337801806121,0.21186972267103876,0.24343715276214423,-0.07469204549222506,0.31121022800298964,0.36348049640755153,0.10340371389620494,0.25480490423678004,-0.08448804607612023,0.35045970351739936,0.10324638141856293,0.3217981802206888,0.027526202380584414,0.17880735342160115,0.2633446530880313,0.14756668110935708,0.08719133394720739,-0.17372426189740472,0.1730089464236429,-0.001704561512712971,0.566503464394419,0.2312663866251099,0.280852061545526,0.33232218559554505,0.09487749829476434,0.18458185740462407,-0.1467589281647529,-0.21980932429194724,0.00018398860397008304,0.23739522432031884,0.07763952031688641,-0.07842202104403861,0.44401498063552236,0.02054150627939141,0.15429518024795916,0.0893279719037759,-0.03923158000372878,0.23310676292418683,0.4068373132102194,0.023143697142868007,0.33772580967301064,0.0653047458186678,0.24309836516007982,0.33410941730588,-0.044306037429163746,0.07756457158263397,-0.05075838044311359,0.5069702430888146,0.18347749246960549,0.49382310013116315,0.14780523908175985,0.019803033223345708,-0.0589862897061335,0.3747018322047356,0.25009969804867005,0.00886564423521403,0.031267516427375304,0.2193258529668434,0.09459513581564202,0.15931330418313067,-0.009296258019224627,-0.05066642173414785,0.1089339911187636,0.0570582507110445,0.35515615537019823,0.03725009187480857,0.293615615064569,0.027660453707497024,0.3158473480897029,0.2866062224936079,0.30636481959230505,0.39114988138008583,-0.04566080543258208,0.18543015986805825,0.40795059042711135,-0.14211062966566299,0.08599444577338067,0.07942503506830068,0.3303003907024102,0.002635967269909644,0.15422732727271152,-0.08183289658887147,0.1401071225031155,0.501935488276615,0.03275011887208336,0.01611770395257428,0.3537097332350138
-0.014376391282020007,-0.08500263799470728,-0.05812924926505596,0.5582399461856071,0.09242624597014955,0.3330512203527085,-0.07597450469309362,0.5641900185108104,0.38493312898711746,0.38617330109355114,0.14344198102705455,0.25668480656158915,0.6375595744064475,-0.087098146926865,0.1947851365399693,-0.0020505688910458396,0.10691910586729061,0.43397636065498935,-0.054781499467525516,0.4838101667723755,0.17620001259969617,0.18338405253547746,0.01671495763437574,0.8350980742395633,0.5782942880050722,-0.1144503900345728,0.2510283942474488,0.2885644909575369,0.293660621055975,-0.10641843585894367,0.09650863640696349,-0.3340918432055197,0.578974926744331,0.07088713018535116,0.7378364743444343,0.44577040710604915,0.10318336803271701,0.3339706558521026,-0.2544607306997471,0.5270298686347739,0.08824566451089683,0.36000169787074215,-0.048282703662339985,0.10044531198672359,0.46332675366939563,0.044399950684527976,0.22450828340241075,0.17787368696138461,-0.17905889366588404,0.117834012920612,-0.23206215701996963,-0.0225414016472041,0.2951832326586291,-0.026495669665246618,0.6818898378076078,0.11451935103398606,0.3036255116726603,0.09259053451772521,0.609610266472679,0.3265866968554625,-0.0065845303020054665,-0.13900013400886335,0.3953976995206482,0.05512510949730635,0.32146290266507555,1.0,0.5328633129871094,0.2155694948254592,0.3097059730812207,0.22357277911176976,0.5854293846836095,-0.04902049092769651,0.1660340963160864,0.047020336470425604,0.23549638548238636,0.5386907887246405,0.07614939326101765,-0.19698748458296791,0.5442470916137264,0.25296200355317355,-0.0017530300207092744,-0.10785148355324778,0.6794109913467369,0.11183724514507863,0.09786922930082431,-0.019980996302567174,-0.1680098671936124,-0.07861154618991893,0.2852856948108461,0.12708908330948407,0.06642894455092342,0.25302837841442466,0.16100134045715064,0.3353585830378904,-0.05911506081858232,0.46587195728617475,-0.2964087544933466,0.16597358658365463,-0.05804858472143808,-0.0475932307683596,0.0850016979610047,-0.06820806041159419,-0.07982695201415112,-0.005753023440185011,0.207750207378736,0.04057259393407429,0.17392244503266477,-0.00823249006126696,-0.19428489188918,0.5171470256011657,0.2856811604219534,0.3528177753062364,0.04257150785088602,-0.31465915989961907,0.17410269985154628,0.49591802665263074,-0.05142457331755076,0.3406822323223849,0.845002197715727,-0.028854178212698978,0.7782890966260698,-0.1735773680459014,0.28740174854531314,0.25338240309491583,0.5663340125193697,-0.03408856026993293,-0.11189829852326812,0.7580409067159181,0.18312257069164772,0.04788879299304283,-0.19363558144653892,-0.0796789170817848,-0.004768748173655237,0.24662400513920063,0.14949420037044567,-0.2333857955052977,0.6670270350987946,0.10041535675130756,-0.06742671403417284,0.1328274973947078,0.050261199159441154,-0.04837229963861685,0.2778098852989215,0.536618270379739,-0.06331332543405521,0.786371467446541,-0.007700710383696322,0.29249655980831835,0.33731165295230314,0.10892836689266239,0.3465993051123026,0.3426386521006201,0.16454994132225714,0.3089856560863474,-0.20084901132488447,0.04625449993114298,0.33259642508459986,-0.048074728515228836,-0.09506130133388739,-0.21155876371475882,0.40985724223888037,-0.05557625198843721,0.07669565890607746,0.17451404988055796,0.13256767005551895,-0.22029767707434636,0.42355609133456235,0.5185305712801535,-0.057765117675192164,-0.1713785909282147,0.37868673145099957,-0.08014453628400289,0.21333478892196472,-0.10184916620160027,0.11896163616921795,0.2889542919342253,0.02055579607524319,0.2653210017114094,-0.004235438161808312,0.46013775209798263,-0.021228968480363722,0.41055217824716306,0.22459496259636297,0.698406582835675,0.7873096319210873,-0.019651553925483508,0.33419155990035976,0.47053617927223906,-0.3292153353554262,0.1209229586042938,0.03849584984514572,0.24708647748899792,-0.05143295340983717,0.053544359912956196,-0.13181117614831944,0.3893596977935609,0.4096464717678282,0.06364593797976893,-0.13478936691906518,0.6474480531878244
0.18279527056383235,-0.23812847650360502,-0.13295723262178505,0.44709053313588953,-0.0531463661792281,0.1343471755849549,-0.1589955020346461,0.30560425873516806,0.28889305284149464,0.18378333242045117,0.10515975098761064,0.15596458353120746,0.5106278150787585,-0.282568751533933,0.42176913547205486,0.06399235162988186,0.22762336273931327,0.38580330987059425,-0.16221390313090053,0.6184759686964906,0.14176779581418478,0.21022738730954285,0.0007536018910720386,0.5921387362395858,0.4989675473430162,0.06263822013647156,0.11125239683822391,0.10054053807248056,0.18872906387184324,-0.09479060865071741,0.1858850380150593,-0.28893948334452435,0.5426835681603949,0.015956117541398744,0.6111880460479375,0.26078809404123926,0.1486491362079056,0.20205218904383404,-0.24679515408534966,0.5011230950994892,0.11724119063662859,0.2467842068983622,-0.04984470215326549,0.033546683505435694,0.5364822508378184,-0.08925893458695602,0.4218189543086209,0.20466182503598473,-0.22731747616722323,0.1790469691211764,-0.27392890566671474,-0.03509903090473647,0.2564828915525545,0.18971972011322744,0.5676400859337389,-0.04696247655384062,0.07179422691064653,-0.05233222493731963,0.7266206946226323,0.18722142426580338,-0.1252855648501278,-0.039946017280573405,0.2167214437831595,0.23705323031738088,0.29638369246652574,0.5328633129871094,1.0,0.29481901363104185,0.07946507715873126,0.30126228021595275,0.5257824565367719,-0.1330531731425199,0.0841915036744216,-0.07655802049444088,0.1642193357052,0.3172732749640557,-0.12221192593156963,-0.03562399830521727,0.5469035489437288,0.10935202447376939,-0.010618884616408334,-0.20776395632154104,0.5360723129645114,0.3941041523065035,0.04992409963880128,0.041868149286111454,-0.032215201306913785,0.0030412643651416805,0.32611075593379274,-0.05671009508412575,0.026955288136080762,0.3392217277317071,0.21306777150759126,0.4172347924295066,-0.01876412392929308,0.4271620088722794,-0.23808865283091055,0.030938771504383,-0.1461318137070007,0.06107806031493303,-0.07864630487337544,-0.020658207426358814,0.07518659229049891,-0.11902314879315487,0.14064070642864862,-0.1505611110981047,0.01184718524345825,0.1675943291048766,-0.18383325523016397,0.41805116766966,0.2693638452157595,0.2644800093849697,0.14256996642710643,-0.1810558917514733,0.1943384149765115,0.3679808260191149,-0.1555581129120909,0.31504109779128087,0.596592079445092,-0.05616997305303368,0.44974759379817403,-0.11465889498057107,0.1969717603393395,0.3341033691446111,0.4607455392976543,-0.14075425424742782,-0.07309549607296473,0.43685033958689146,0.2444779592176886,0.16748796687550385,0.03586097501265589,0.0659667039567147,-0.2051129714608806,0.20938534978472714,0.29427640786643144,0.019939022876969758,0.4813372478883137,0.2397378851231506,-0.037364879115210234,0.06941197990472346,-0.23255456794160415,0.05162893404284733,0.21073436912810964,0.34955718377454925,-0.1885075575071273,0.5057702332468217,-0.0007594870008555794,0.40274073307537284,0.273928170273761,-0.13943959384384713,0.1815340328373627,0.3625631094660473,-0.05346862003735301,0.22012909219301094,0.012619155061768791,0.2146671272223708,0.11065935382094755,0.13164668956640996,0.11378038696321967,-0.007024398363220047,0.315681144616045,0.04931888719872271,0.0652258907714491,0.24156990823929572,0.19429229440230764,-0.24775142904092412,0.30218861300539235,0.306452698743184,-0.16827967918791478,0.03120344310651019,0.2883415643960721,0.15236345664158832,0.15319308484595248,-0.2054599451393628,0.095960905573032,0.2106195558601446,0.25235738762807014,0.5233643378893521,0.07810158685640295,0.3571505310891762,0.025648942436446186,0.45151096700195054,0.05325143328910491,0.5879945018745198,0.3920885200077196,-0.17993641289869913,0.23343518290207385,0.3801304868174402,-0.03817204621211213,0.006691017567101692,-0.11119023721334742,0.2876948170612327,-0.13983160767741892,0.14841282047434456,-0.02043095488888245,0.3358244916762478,0.36763869879233124,-0.04586389207384835,-0.08593924026194114,0.4320274178783827
-0.1783389778301247,0.0423433663620708,0.33935908831529504,0.5890534899930586,0.2300669752710252,0.28937380876775803,-0.026613826232281403,0.16502983778575506,0.30857649228242207,0.15902063307934736,0.07411797225981728,0.18704801524221282,0.252182703053218,0.16251756791361033,0.39873469562900793,-0.1667654577281315,0.07035076466332385,0.43561836871484894,0.3359106159775015,0.31210361994313063,0.14663783671301978,0.3237660742794582,-0.01598557772253998,0.11364213467578317,0.20112129291928635,0.004560316315729183,0.06906950916739374,0.23270548620905243,0.26773176743766486,0.27596180382917945,0.13219309099694754,0.061476645503402906,0.20809241341958118,-0.16938917512826804,0.27060935619498405,0.3456334653781533,0.5368604232849526,0.2875897583613231,-0.14650306726117035,0.39096443617372434,0.21212562336568122,0.2018055399814347,-0.0033156715599871505,0.009940552931972269,0.42395780627928564,0.11656841334913057,0.12738998349215175,0.5499559787916217,0.0011598448565040096,-0.0016126107365053016,-0.039870108633503695,0.11164888337977373,0.4473140000286145,0.24144918219621808,0.3057664257539795,-0.018653505826882626,0.22275986737483536,0.3278163135948265,0.2823109836733708,0.03370447185762316,0.0013881563696738284,-0.07219415984184399,0.04292768817201213,0.07921610861196234,0.1490794588130126,0.2155694948254592,0.29481901363104185,0.9999999999999998,0.39555959463953355,0.5051611988773442,0.3550232929096443,0.16533879412928212,0.13334386794211117,-0.05444402264980378,-0.005463149140827989,0.3461452423149599,0.08640547368327674,0.38310072703589,0.2885242147041775,0.20800877146957955,0.3107030368165452,-0.01900574389190822,0.4020117680708218,0.09579539542424456,0.09542083205004036,0.19016985288007165,0.2444512913947638,-0.11660568622991983,0.43893242437274615,0.06429067112989857,0.3695471010523593,0.4735609684856585,0.039895944856655714,0.20472349187498895,-0.15725897398591462,0.06467558385845348,-0.0818661564548093,-0.0038394565508100345,-0.1572628870978396,0.05774199903301381,0.042995352101227534,0.1136795220650323,0.3056497017355335,0.05811723384431911,0.6308880921756965,-0.025618347368291595,0.25481414309158446,0.2923286223571025,0.26130381371691924,0.17759048482763812,0.2334681608018343,0.5926907409253537,-0.022684010749546298,-0.16647378179541378,0.1425587101564171,-0.20590381750074274,0.06505875629457662,0.33084369455909884,0.4650792119147774,-0.014492175018604662,0.3000034904380111,0.2245801125343601,0.4864963713888724,0.05231658602793453,-0.01559815620202455,-0.14551431838159065,-0.04326942985198603,0.3775818680830351,0.43523192579930353,0.5516370912310967,0.07578409207777885,0.08822386371872173,0.07175111089147859,0.3870451679730602,-0.05967902382435709,-0.17124819389520224,0.5972149009622055,0.31695114244147155,0.24247300810387504,0.04425422042818118,0.13850724797925124,0.13339155828190374,0.07634269129866766,0.33198901096269007,0.16500433613503665,0.2987662658331548,0.22649517659171167,0.4457491456793061,0.09142844633509505,0.15342258370035677,-0.07958455515605128,0.5982054768928124,0.08895656856261257,-0.024063156922520423,0.4586480431976137,-0.15788871405416363,0.05926316054980687,0.03745280202057767,0.19402965360708613,-0.1652400742042088,0.16234116794142672,0.5348167010646093,0.14475113312915547,0.2014388225500761,-0.06302917970035113,-0.02878738964254757,0.19625551232593763,0.24325372646654647,-0.06204505509372363,0.17956574851398213,-0.20349309545230068,0.3281943724439722,0.05574100538091091,0.034822274733748146,0.133558747713646,0.424305693822609,0.2684386562161577,0.14016257119998812,0.5685763377830049,0.0017222383511911108,-0.039833056500245344,0.09843008594678099,-0.08902676293132787,0.27150934087065304,0.31260125449874343,0.0768539974600403,0.23167346041796785,-0.09154179863975866,0.12926964555289536,0.547591056668047,-0.06261139456598068,0.4012764171070202,0.22159217321276153,0.5392204409193228,0.20907505126571266,0.36754261744291994,0.19595607785961722,0.2644875699385944,0.5396640354688902,0.3376415347781812
-0.22692600466907845,0.4234724486205211,0.4248093948037926,0.5347979102505078,0.25474479497207103,0.43498500803332135,0.29487041764435984,0.1395276561345232,0.3134270709324752,0.1697468117518356,0.3374036668973951,0.5769286903551721,0.24070196933517657,0.4708136148013395,0.3297034063955546,-0.18129551839674085,0.1835040636696058,0.3241992197700603,0.3642925448972217,0.2206579703129843,-0.03556907971237768,0.3690732402104736,0.10181234305419422,0.21701765525447023,0.3534133140517248,-0.13564372287217571,-0.03667175442475412,0.25656972238364495,0.471658166594394,0.15871341363301097,-0.1331670866364481,0.02524174412449336,0.211906229766446,0.0680106466131237,0.14126547130059744,0.32513676963721666,0.3500571751506416,0.30974455165798603,0.30642003108830285,0.4822166077590259,0.27259125172312976,0.42211864680793454,0.08882386357816532,0.026347180686509892,0.32036485179827084,0.3691262007114603,0.05879843297921256,0.3034017479323596,0.22668197975265572,-0.10375459015088978,-0.00970125430022252,0.16404213585709362,0.32389956143409615,0.15106252465551567,0.3010253438832785,0.25525799637123103,0.17919134208772894,0.48400318405992593,0.19462862218093535,0.1797472204708631,0.13575163366057763,-0.11697646846030402,0.027760549496734736,-0.04876068069235436,0.06280710017488014,0.3097059730812207,0.07946507715873127,0.39555959463953355,1.0,0.4555498370287798,0.3064865967925957,0.29523854666066623,0.22447681971380587,0.010501755834282974,0.4244386420029216,0.42325150141530893,0.4118776653483196,0.18536854092438118,0.2081668788816382,0.24225279653185305,0.44879799685595145,0.2813694222163875,0.40059415927803677,0.05552752452352385,-0.009472168720882603,0.19886370293688635,0.00886080414350439,0.011450939218867574,0.3759070218181187,0.033145570747562136,0.3466536541627766,0.21212575421703916,-0.0489020896543707,0.17540262102398738,0.02101765302882232,0.12330833314832863,0.21642884018041833,0.07514290528263022,0.1750976205996258,-0.021527751727961314,0.21223051781306518,0.11140736791448902,0.23735463975854754,0.17322343074318938,0.5686649686221618,0.33653394639946105,0.6890400742984635,0.130080888361151,0.39003844032042034,0.1893667615631514,0.2694889773090579,0.28089219501338786,0.2514847945002597,0.08561041932202837,0.24546529451116178,-0.3034394582815912,0.46478035630676995,0.24795913165942848,0.45006471808657433,0.24335942231267238,0.28943102661409903,0.07243138345489274,0.37081844505369727,0.2670153894682498,0.008420725086300932,0.018503832764675675,0.12070456003361481,0.28984675468946475,0.14973931927521109,0.2642143906596307,0.07861580253052734,0.04204768237367308,0.2560459361201414,0.09928127651774869,0.05652235114293902,-0.3098427969724212,0.37936720151199527,0.12908839700193445,0.37291019524307156,0.32722789258887613,0.40107925610766265,0.1447538640972811,-0.0021138483011355264,0.47915263497830096,0.19565953079248194,0.3968655211580689,0.30027203258064733,0.18795851182657802,0.3512649082444009,0.4431077472924387,-0.039334246645789134,0.30266523299276626,0.29035384850342244,0.11158518521223768,0.1541787521899267,-0.3320683639911054,0.08032253858752243,0.12530114017601207,0.04053294491415557,-0.24724822326202844,0.25091162924680044,0.24599478557596186,0.23077664474647233,0.2779435136054833,0.18453379257096955,0.23587657431693704,0.3724854377645209,0.37620505486641903,0.07269086151290112,0.05322294191007671,-0.2810279458487622,0.07602498512761464,0.24496495616075534,0.44838848483812715,0.139357651102245,0.2989830996917572,0.116959141916111,0.09981386923599452,0.3552716083749607,-0.24801824306295414,0.08751877144592214,-0.12140607780457616,0.31987894833511316,0.36416652605036215,0.3449370136223645,0.35671845276389075,0.4563736684535568,-0.13141179670545675,-0.011101545163116096,0.45931832804993367,0.19078927103370247,0.2794291386255795,0.3369315171705316,0.33000380098132115,0.10496573058199536,0.19533977077438333,0.2728035819505449,0.09535768499691046,0.2536105794280896,0.42985578453767415
0.027959583484101262,0.16830242514174507,0.3163558578401139,0.5905615001570858,0.1320771114454648,0.24755122643055782,0.08399440612058537,0.19056893329488248,0.42498332029884056,0.06391255755022777,0.2758539706024477,0.23228624854490756,0.2151824185022721,0.19234483276207628,0.32246847930730566,0.09837732510856668,0.3099012960687557,0.22063689037042694,0.33117324274975707,0.2932672323119845,0.2903086186356689,0.2771229018062953,0.36156660865048723,0.2444053713095529,0.21404963490228893,0.21800475458895707,-0.1665110827671769,0.05307597328338872,0.27891766323503653,0.15545784151485978,0.1510775904970251,0.10235815812537577,0.22862860060945148,0.20962422254334054,0.2732901479436812,0.05262544908360054,0.43948326344324146,0.07100579688736096,0.16856624632261602,0.29323031300322555,0.4169852613895036,0.41441360298850394,-0.006754537190177234,0.1706908035699236,0.37433456038211416,0.14211583753469692,0.17511369600770765,0.45959612665437277,0.1779631739256186,0.25630864021297406,0.06306942042073141,0.1881966407772143,0.400086299012351,0.49027700936598034,0.30297820815624954,0.003833594785194968,0.25595579891431214,0.261889960814268,0.2664154884336724,0.1373675300548196,0.05267249993477629,-0.05612541447496289,-0.04206995238765004,0.13443162831791253,0.16541615507656937,0.2235727791117698,0.30126228021595275,0.5051611988773443,0.4555498370287798,1.0,0.24997361927440168,0.14776611384418128,0.3780088023595105,0.114035963341877,0.11719166766566136,0.374871723097484,0.1903064656757362,0.24564613297613463,0.19167410155679301,0.20715503312334016,0.3358851358996731,0.12649363511151315,0.3731891838643394,0.14405695245358427,0.15758810995352537,0.12803272521832507,0.2362232596481928,0.24526842918177963,0.6162247097852622,0.038404042452194455,0.22855046265361822,0.2636050239048038,0.1298274589843452,0.1742499707231306,0.08419779655877706,0.2250543865748145,0.08784781653562646,0.2431902303804795,0.10322948906677298,0.13625748984017771,0.019821255111463064,0.24523498225575846,0.12925050675683067,0.12012299207127947,0.706366077574788,0.05655771626431354,0.3903211091318057,0.4073884702297436,0.3238436593133981,0.2451211067919062,0.31153741323485346,0.29694963068340785,0.19906313636329648,0.20259360013607128,0.19482979473088546,-0.051103499614305506,0.2491705720683036,0.3851475618045511,0.43999852510359544,-0.023179253677060335,0.3185741096935637,0.1062173035504891,0.2104075360388275,0.3768543753991144,0.0696352476784852,-0.020775739798330813,0.05685381078119972,0.11840835534068085,0.3177864626627498,0.31302136192893254,0.18203794157894204,0.2726190328636369,0.10662072198061855,0.1406775394228734,0.06436744699854992,-0.0038663987018331056,0.47094802357632143,0.4255793377687236,0.2141354702322142,-0.0002705097031100658,0.25874718487145787,0.30165083667572584,0.04494213284905763,0.37131105120086616,-0.023505837346948624,0.430077020043795,0.26785815911389815,0.12704111612473634,0.26966406912912144,0.0762057697714641,0.17377480528367206,0.4516746447915221,0.07735030837731573,0.31743114780014553,0.2999345525618562,0.15229524624676516,0.3305195528230024,0.25269812012186205,0.2872079742857681,0.10655387938424515,0.2863189819968452,0.412240195163687,0.08772902461666952,0.2996958055505945,0.34301178173808633,0.12334388037715742,0.25634939055027517,0.14365551604421728,0.31061554545310566,0.33831102827093523,0.14667509474559923,0.5056457418229916,0.07065522598368694,0.12465402305471802,0.29512381671239146,0.24114551869119993,0.3868158373415931,0.12897816618746105,0.6276405658126668,0.0686740274434291,0.0064686789058851875,0.12138790144907236,0.20579278100311485,0.401866299749664,0.2704738968504638,0.2327534268634302,0.2875529241862951,-0.005833377509004194,0.29637021726856777,0.537150099853599,0.008158038148347228,0.4429972365408095,0.19402339109121952,0.5231367489715623,0.1752029821767609,0.20922012718442515,0.13893486108021103,0.25435111349007805,0.5454847182895043,0.3124409485268537
0.02732700053428856,-0.1261038388760015,-0.03005386138476321,0.5048433045177156,0.0849891860001487,0.2989575240246853,-0.07659294070434851,0.40835830387984323,0.4389396529957061,0.3075876127671178,0.13663897155254626,0.41124780385648674,0.4936256315445102,-0.2094867527310622,0.2304870063576928,-0.14100067699467025,0.3208661189334184,0.523723290583064,-0.011123274185937868,0.5174181572307757,0.08568486422799972,0.18943268615764966,-0.16859908008115662,0.49512318512431575,0.7172714574941147,0.02967998739635619,0.0547883363558421,0.20699036873249685,0.3784195911422246,-0.16059768490005888,0.3290571355029466,-0.39058271071566153,0.4268808484434541,-0.11447663333753723,0.5247344171339279,0.5455311804426171,0.07851265917272467,0.31351884526469453,-0.22735821459636338,0.5215026957608302,0.22056445418906084,0.3496960945385403,-0.03421544247086614,-0.017853734172153,0.367718475835917,-0.021549170755478533,0.19718206430080684,0.218531810677247,-0.33640926293929857,0.04844568947506686,-0.38795190638320953,0.044380696283120975,0.46983003761929676,0.16013030692248373,0.46598252241101623,0.2108465034336323,0.35509284401960917,0.12159328208556623,0.7243459147338502,0.24451643873670773,-0.08717151339534475,-0.06285722605839307,0.28733359656493024,0.2368354697136731,0.26040622399572816,0.5854293846836095,0.5257824565367719,0.3550232929096443,0.30648659679259577,0.24997361927440168,1.0,-0.1256998748139918,0.18369230213460305,-0.020917011472363328,0.26154226295229915,0.5474422638217092,0.2731107223387,-0.0009649610982450215,0.5400373187015164,0.43465269266218476,0.16572173937513207,-0.13893980874213951,0.690492583316053,0.16677975996249453,0.17291679293903817,0.1574262752667023,-0.05447259666121511,0.02918359344348375,0.38280990466187503,0.10837822669511661,0.2049057566344518,0.2402112149224443,0.2469506113392774,0.4251174491309931,-0.3222216498374542,0.2596287605372457,-0.3602520693140018,0.1794061933291885,-0.2629559417942685,0.04561407343031146,0.06345173121810109,0.09888414108665144,-0.045230729510066674,-0.027877862128617426,0.2483433924471746,-0.13285193891094818,0.09031287342788225,0.1522368453215947,-0.13228912543418359,0.41497563079034117,0.34537056508562197,0.40040570480251697,0.16364649571245013,-0.3028602207698166,0.40110246306348274,0.2277499536537134,0.08561561911753897,0.4679441757300223,0.7562318992853775,0.17314251186284482,0.44134959255678424,-0.22039782786180412,0.4118580859067507,0.40143845164744973,0.4823938987091866,0.05602470541581503,-0.21427342542133787,0.6345234195901108,0.38036178910312113,0.22891729295521146,-0.010395362781920431,0.237132362735178,-0.03461646929848889,0.21601148447088858,-0.042149575674401606,-0.1180716578262603,0.6150948632776764,0.3108179063372352,0.05261057755015738,0.08979132904475709,-0.038942343062409866,0.13401175014725747,0.31490243868108064,0.7347518004438546,-0.17889946891020803,0.511330246356765,0.16480141442509752,0.2905759144488764,0.3789370397270948,0.02039941309610378,0.026598614053286222,0.5141586482820546,-0.1609259673990687,0.36602305244032335,-0.04167632959209157,-0.020317605324717335,0.12364199189013042,0.1153857679969773,0.16508609733853016,-0.29181202262036543,0.2652665864107607,0.14083716893889353,0.2402681878060779,0.3176188042823236,0.1836107048910792,-0.24515200859210143,0.4194309427085972,0.5925148724608499,-0.21025105622812962,0.12273913647850282,0.17982019675615565,0.1690213765356145,0.2314420512448074,-0.20500381786603242,0.17302747812232527,0.5212871938880468,0.258609559913759,0.33361937871267755,0.1511022493865616,0.41723022725779224,-0.0359957183067674,0.12542042464426562,0.0318308289799758,0.6006215181087434,0.4092641065767294,0.07233464462212225,0.4774757250854593,0.3001477336458007,-0.17288225207425165,0.2283111954623834,-0.14003416589340462,0.4537067759275744,0.07430111183719654,0.17365852434006096,0.1636029356328361,0.4571066852333581,0.4463716724391752,0.19461460789714005,0.020508482148623608,0.4310564166985153
-0.2903215936632291,0.680785550971729,0.3212961888655947,-0.010737647690645391,0.5167398570627083,0.3239229380784722,0.39065044592857234,0.04243748069948005,0.09932648027988479,0.24461662381181984,0.7310631253300409,0.14828791343882056,0.09843565725651508,0.6105234052321963,0.20742347701080566,-0.10661364811644548,-0.1526316519832057,0.012141720016739885,0.45405131947596417,-0.20746403973003302,-0.07583934625176525,0.35599042057685526,0.2503258806067351,-0.15874896047703171,-0.061401911223410176,-0.13775178051347295,0.2772637844902317,0.09724410210095444,0.32946380905146055,0.2815456030591382,-0.2791816508267628,0.486335306981365,-0.31201027228627476,0.2731912648681812,-0.0749004061130506,0.15017150930996848,0.28408249792672857,0.19541611940584572,0.40433299739252765,0.14889339164438972,0.08813457186865395,0.1990861277616704,0.5605678893464903,-0.04461414524019233,0.1776076066138188,0.5091342995248179,-0.039995681340394426,0.0997267851493157,0.5791456678381175,0.1517108530172751,0.5779035575990311,0.1417932330463036,0.24338238211382518,-0.06103154868985415,0.10149710234225363,0.30215378151267364,0.3091438071954218,0.5165173380838581,-0.31045614810281835,0.10625716775716677,0.44278099025771084,0.13495360918215357,0.03307302156113453,-0.3898738424597596,-0.10748004645505645,-0.04902049092769651,-0.1330531731425199,0.1653387941292821,0.29523854666066623,0.1477661138441813,-0.1256998748139918,1.0,0.4261591655262292,0.4557178960079276,0.2976349278348053,0.17355148593372324,0.45249300718565516,0.49974327553650943,-0.009032314128613552,0.3135026429531063,0.24951336998817084,0.5558788839192089,0.008934016002336486,0.3312377682826109,-0.1550401123537442,-0.04566830746649188,0.2348656087904014,0.24433932658099716,1.6692243568523978e-05,0.24829868862114818,0.5641162419989241,0.16068666217645095,-0.11460897159760099,-0.02619551936696801,0.426196989257554,0.11947348443851376,0.4712326256126911,0.27533462058244523,0.43621275775619883,-0.03559072288242894,0.6392650097690201,-0.014231664319658091,0.4295851689200633,0.689100361537319,0.19701493246502302,0.5396033190996943,0.49395738558344127,-0.07097071514336296,0.5967009527608962,-0.1442179480693431,0.07016366380678934,0.14130350147186485,0.24265257367058843,0.21882448559319614,-0.1477134156196879,-0.29159420923021667,0.6188492857773135,0.09346273644812964,-0.06928754561638946,0.23908659636132784,-0.09398236331909565,0.3494869683497373,0.23947312794801492,0.0261027504635053,0.00643149088884863,0.37938061888578994,0.16930260486884063,-0.2776842465709571,0.14536955825262846,0.2857212502594735,-0.17993090999012218,-0.2812358641999004,0.5677044223470371,0.12500755061046032,-0.1038759761862893,-0.17825833382974474,-0.043605924880864524,-0.22295842605595526,0.5758587587303128,0.36012910588374936,0.5101657597500452,-0.13846844132903283,-0.2446286419917933,0.06190498857382226,0.4521895814909015,0.03097174169723969,0.29452589135978263,0.19012576703239253,0.3715280605176116,0.5251686059361592,0.1248590762574648,-0.007989128107599892,0.5469160119842137,-0.0290305105115474,0.19483943013229335,-0.31051088534310667,0.06249960833769844,-0.11113257008951703,0.004630846514415227,0.09325133890962661,0.19173401982010577,0.21366997971535076,-0.05512832390102628,-0.010827382270963153,0.2228930402336052,0.22781521774848515,0.17669161873700087,0.042603422465501355,0.32478821044443223,-0.26931602595352533,-0.11729525121811178,-0.07603488336278992,0.42051440240386406,0.6254088596285572,0.01439700475595494,-0.017693494831544955,-0.12263631274455598,0.07672222418740127,0.27326586315338797,-0.3648304723362864,0.2683737136833064,-0.022313291758525797,0.4101723575148186,-0.08268030268701262,0.1229714701076565,0.5204421359700862,0.3380870010087242,-0.2503995898675925,0.09598948028362188,0.16866942440985624,0.6185049446044444,0.0925273453658583,0.5561385149324135,0.11071791531253532,-0.006060430148438463,0.3183681480462715,-0.13377745633058694,0.20156631553622276,0.2617221363105549,0.15528563337228804
-0.14099311824312524,0.44006734554573906,-0.05343675755508939,0.21892614295846083,0.21671502578099203,0.20750972960475073,0.1490464981042618,0.2168707842168574,0.3532140255555576,0.27732469985456915,0.6314842061985744,0.201702988294127,0.335584740999563,0.13216312299868566,0.13489747271569943,0.07263995569436327,0.15873492621486932,-0.003039095745821517,0.001019737065909271,0.1688329346749172,0.09566505323150458,0.049917949618062105,0.3442238370931472,0.07492124392619254,0.2715936114875501,0.04911232258307362,-0.09261878291996167,0.09168929959411545,0.18415898166351244,0.22565594569582278,0.17990464095683492,0.2546880584526798,0.035883030908593926,0.6528060042162199,-0.026317415729360916,-0.07276000157140142,0.07044788605754122,0.19170386559605554,0.17179114024687295,0.14343268293359995,0.17339256106719286,0.35616863549976807,0.3564336879585086,0.09930419922941669,0.04966191775428484,0.10451788295924064,0.04321213010593912,0.15933708744775132,0.309711147746177,0.45283911863026866,0.12492733424363145,-0.06912245375357964,0.33009543711160905,0.1991390694672274,0.3030189823217892,0.4925740989928462,0.49962375568793527,0.09428654581864991,0.14123676352907125,0.47019123274202096,0.3968399823142589,-0.2013535636538325,0.2728105035541025,-0.05942889137015939,0.10444646789063113,0.16603409631608637,0.0841915036744216,0.1333438679421112,0.22447681971380587,0.3780088023595105,0.18369230213460302,0.42615916552622923,1.0,0.5887203491888777,0.27226546531174267,0.18341674566908134,0.3572901810132626,0.37844574098492734,0.1293354733339227,0.3223979472956505,0.07457953947553382,0.3276165818518257,0.24248430984539918,0.40222017306784963,-0.11638613880118394,0.12291515539854925,0.1806704861973549,0.46417575085765483,0.1322448936639224,0.17291991546694466,0.3134165368720559,0.07632930733556685,0.07373456982308875,0.08598635164017701,0.20180771567989642,0.08893915028775606,0.13437288733813138,0.40417135979438035,0.3277074061890248,-0.04507644613135173,0.41515986904141033,0.1533426512623001,0.38396167629772704,0.4772698454470688,0.24179086255894283,0.17727930840227907,0.2686719228669825,0.13343795257509175,0.1720118139152617,0.019305866185448824,0.25887136668830385,0.17844691321704592,0.15901799218508098,0.20286282023328747,0.23651585520717494,-0.03171607865102011,0.5346490189932601,0.4575991159334332,0.21599149263711256,0.09527178564542103,0.07375120852287385,-0.18522357854059499,0.2214916791713853,0.23126209682426138,0.2871305819224149,0.49308662360622546,0.024953138909175034,-0.09773788209198381,0.11586733461809333,0.09725214098324762,-0.05746537783062573,0.16636683866203553,0.4942764654859605,0.16657307963782855,-0.010430233172087237,-0.003799881919151722,0.005400475220541901,0.023104511049066516,0.2591498101781678,0.15692244861829924,0.5208489978954464,0.06138124856475583,-0.049322310813274726,0.3306506801238555,0.11861379766993665,0.24802365403251553,0.033135120720217924,0.054772822631953044,0.4399774238481046,0.40959324445142187,0.45601432762238103,0.2637884734438963,0.2585701382863804,0.34181506848093685,0.1644328205062601,0.10507270674997443,0.21252548493861825,0.07846261657547571,0.14379740825619208,-0.1329338406415063,0.3587078586937863,0.31154680025466225,0.09757538666902597,0.2415987395178561,0.3982915676836867,-0.0029336223971931988,0.3815828616494589,0.2086403828971612,0.2898811932590157,0.09580905519683176,0.2505293587470652,0.07141949647319315,0.5910507251372739,0.16797462053657672,0.19881498892433463,0.14788575647643157,0.15581628140052955,0.08909631388707906,0.2412265901887212,0.016636243465186565,0.08731875759953815,0.20095392512828436,0.344619362747077,0.3158112803783489,0.2649898547211149,0.2984688815246896,0.4883856306382399,-0.0018409738070375573,0.21005052480424433,0.2921846497081469,0.27155520179216397,0.4567100310144314,0.3325244463985846,0.25635970000818065,0.019780938719943596,0.5464381991651556,-0.06816371238208467,0.1712096336698542,0.28743199262458985,0.18457170248309188
-0.22431242237012516,0.3341556750872027,-0.22034077399296692,-0.029276454166177697,-0.010752004315723228,0.06989219737086619,0.1551208947582357,0.11003216528733147,0.027744361312245572,0.1768858621627361,0.524264206828477,-0.1590973726930343,-0.001230385292283944,0.2273487027681668,0.12166641810798157,0.1288525281094753,-0.058787411526073655,-0.08953345689646594,-0.09589001837823005,-0.07222331092363238,0.21010356830593976,-0.20063820477096594,0.46764887016075196,-0.004283112066795345,-0.13200392441181266,-0.15994678654702643,0.11312391320109698,0.21789238587929347,-0.0856993243545917,0.18153201945116235,-0.08366844619553228,0.31787297641051765,-0.10135699194944518,0.42687795021301134,-0.08656588275366559,-0.1556229879796199,-0.05241809849614562,0.03622419528436859,0.21906679690527414,-0.14177489462900028,-0.05577364521514455,0.1011788428326136,0.46281075414904155,-0.14997517162772217,-0.10050873017147129,-0.04491519376095387,0.052796465576137416,-0.10863991167339057,0.33258470304814647,0.12273434073383138,0.0962730351872096,-0.008733547696592564,0.3620522336391233,-0.20693071855908912,0.08438813349649707,0.46397020717374543,0.4658053430445228,-0.08183624430265504,-0.13412547965788152,0.274751111630717,0.3222559752322715,-0.06459530672894893,0.2530718414255024,-0.29581349386649075,-0.018981425811595155,0.0470203364704256,-0.07655802049444087,-0.05444402264980378,0.010501755834282974,0.11403596334187699,-0.020917011472363325,0.45571789600792767,0.5887203491888777,1.0,-0.05294596771523869,0.07489981110075819,0.30000786158888787,0.39494428009668353,0.03795221493311656,0.062045394868161775,-0.2458462450915407,0.2778503569103027,0.07694252742968771,0.33344406760089135,-0.3051464091570109,-0.06555954953356395,0.12021267934610276,0.27659749623552987,-0.1985055285183974,0.357469040839496,0.23844011779655438,0.15375441018544217,-0.06915689537317225,0.0864843191951698,0.2910659768978509,0.09518163879804271,0.14023784283036614,0.327450577627754,0.530743659526603,-0.10383006870822416,0.3485973243537301,-0.11011141379970922,0.2936881979908245,0.4335432519872716,-0.03481540991572623,0.2183925710836507,0.3089329521240954,-0.19809719840163106,0.09014069039044469,-0.019062879683525578,0.15979272334627495,0.17658632857299847,0.1700065143824862,0.11475645319665771,-0.06028550903887006,-0.025025563968432113,0.4898086109654405,0.23177272710036032,-0.053898483148690925,-0.0318368882413605,0.08884470251651405,0.004833151897611684,0.22960685368352793,0.10994838209595348,0.09557545099500575,0.32224821604461495,-0.006893770614740785,-0.25661873137909946,0.2515037956137489,0.18255384118240792,-0.23135369500739447,-0.13141329942924568,0.3616817722239681,0.15004845534680988,0.08987431258584752,-0.2004316144891919,-0.07955541465286935,-0.26789992726052225,0.03632326110469115,-0.06225093450313523,0.5602919799381249,-0.20787679799466374,-0.22778682151425528,0.12895775820488206,0.29438747150674155,-0.006874209432023656,-0.18613572779380663,-0.04689741161566406,0.1441168439930082,0.256217488333138,0.3514387098175834,0.1333563418169625,0.3199156499811149,0.3341063404777158,-0.014026100610740907,-0.16006987459767322,0.2257904596410657,-0.15772693867140172,-0.06948016831320139,-0.21050326926904897,0.15686811356811145,0.18412184510508864,-0.19557106707561886,0.12216746190001902,0.5201576706075446,-0.04891143333285066,0.08083741881902032,-0.13770078339407277,0.5478119887036871,-0.19643892311262773,0.16449105436456546,-0.1464798247926229,0.4171706291506687,0.09088229814465798,-0.013996105318288526,-0.07726455793881866,-0.17966971643359161,0.05494038011272044,-0.02306513384438052,-0.07718836762381197,0.04023397650986213,0.22084976699438083,0.08669674861510276,0.1349650553348286,0.19486037897792383,0.31428964228596357,0.20980510327828603,-0.17193416045790458,0.013702119094426781,0.12227992106366643,0.24167099687119717,0.11525294024691077,0.14263109767240062,0.0929752917413393,-0.35073361269815634,0.4736099415000367,-0.23856612908469943,0.12972662308469857,0.11022406330960313,0.11862670780097785
-0.11975829118188476,0.5527422795530039,0.26636303819613755,0.20342028102642565,0.4471080497766075,0.5843372142234741,0.6691311716578701,0.08412487985014638,0.21893952090558266,0.42987850573325465,0.4546948331429553,0.7112669005751094,0.2588630641815362,0.2418069677147472,0.15836496815857518,-0.11334408568637101,0.2713850342936823,0.37940414033495184,0.2205727194822863,0.036510436647607676,-0.05598111679547372,0.5326554345361688,0.22321864052286144,0.1698844571923413,0.6053170882468125,-0.13521813642398472,-0.12146409636678643,0.05399214531559776,0.5859845107227403,0.2299475270158219,0.0023880054216737136,0.04094717408010655,0.11125861841999478,0.15647073760510877,0.05560379750704708,0.3838761042507061,0.17385399007413355,0.5254629331576645,0.36490966089595345,0.5475933512848037,0.33497974957993,0.599230415750022,0.1768093514238854,0.08831120619692172,0.26858563903292015,0.5693520183494005,0.18532563660623014,0.2674541317617653,0.3675719883514569,0.2202735666553503,0.08194437696620517,0.29664469354836065,0.23543331562458528,-0.004559873774833393,0.3296056353354745,0.37781881267945755,0.17865239798435864,0.4051631886453001,0.15317352056931413,0.272615598490584,0.5114559349320407,0.06444416748575243,0.12400029808413914,0.19245763366279606,0.1945767407471391,0.23549638548238638,0.1642193357052,-0.005463149140827989,0.42443864200292164,0.11719166766566134,0.26154226295229915,0.2976349278348053,0.27226546531174267,-0.0529459677152387,0.9999999999999999,0.5035271510249507,0.44604911520928336,0.08054129034511605,0.28092160477455097,0.5127108712182119,0.3973465570216902,0.5149584614553194,0.19023138449383595,0.2430735161127812,-0.14211825220810884,0.3309772018529737,0.016812335801698816,0.1420517089576763,0.14885815099924607,-0.01775172585153731,0.4078464217087032,0.05229193234624052,0.39716692858572505,0.15180267083223387,0.4267899359686092,0.17522188695159394,0.24531363904373277,0.22692497636746578,0.3239118334614853,-0.010448173193967784,0.44192050939812766,-0.10225548831991585,0.2283798124897325,0.3418423146147266,0.10677962015798355,0.5325440836604454,0.37435867724736327,-0.09446299667483535,0.17458336009473577,0.15032086530782035,0.31315598486933577,0.04454584837137555,0.6527818554231268,0.24228416673015601,0.39319935525727223,-0.17339231765239577,0.42415270675420746,0.3901136772703345,0.28506008619932466,0.5476662225396078,0.10692788148229113,-0.13236384623871428,0.2782739024361962,0.30014862908162954,0.3140283701494604,0.19878080516166405,0.5612920206258255,0.04805104748386421,-0.16632035064499515,0.18285191197757994,-0.10316346293125367,0.05081657571588203,0.4071311520166654,0.10192547158613548,0.03994782177946975,0.07287643699609238,0.04991758714277113,-0.17883315557117105,0.6187674363466666,0.3991565274099121,0.07607402480241296,-0.16250464768592307,0.043944336211078475,0.3393571476663359,-0.06595033481635613,0.3585258622373218,0.40122162082728463,0.1867957957762223,0.705234058475465,0.33916202663912115,0.10373061045173826,0.14127707586516733,0.14063586847027496,0.01827902489360522,0.026529806317103496,-0.05724524874068534,-0.002068798696972112,0.032296642828897874,0.005115365878784292,0.010079234746445639,0.5022456931269734,-0.031458076026309054,0.521961369453496,0.4538532277315951,0.13133267480817662,0.4401492065605367,0.5202722892593187,0.4363679687306112,0.09573300460302978,-0.15787187376070871,0.00429516115631982,-0.1532353047066943,0.4751477558501044,0.515048112639269,0.05960614214551847,0.24093261731749221,-0.04450674085195711,0.2174164255543825,-0.02334189853584824,-0.06255156451779341,0.2561968928803292,-0.016823078993376952,0.6438376299414593,0.21816069262198545,0.16910278781221935,0.5491336756119338,0.6759898923951366,0.06624569956809,-0.17886134178135596,0.2401389493857765,0.4979507985275664,0.2515541124424655,0.5389164942554633,0.12315724259431546,0.12634609530651936,0.07982657777818969,0.282170900122236,-0.001970684378943799,0.050691817569727814,0.296662130653752
-0.17713523497060524,0.26328213033661074,0.3710214474170742,0.49941100972112756,0.3751464765831374,0.797494750190236,0.32656994127247935,0.2847430333452479,0.3562006523534542,0.44655109741325033,0.2350197929760664,0.510395396796619,0.37437811494956075,0.22853481074649679,0.35819674866742635,-0.25235216973931507,0.17389462299131525,0.6602153516934813,0.2607289892266663,0.2702445488499178,0.3100334273398528,0.5140225535280979,0.21619390182957943,0.5116404500662303,0.5744552446582725,-0.12031716165938032,0.004939144595322887,0.4546891589227624,0.6404747407273057,0.2747521354522611,0.18367646751112554,-0.07751037999219593,0.36322938413243655,-0.04927788956173428,0.4703724235872836,0.5734458586607165,0.3511021136656716,0.4875418756449688,-0.0403128478891208,0.5988715573070273,0.44262970892381637,0.6925373290711395,0.14271273240705645,0.08121203456204051,0.4494417752917158,0.5397861465988717,0.3241411656202967,0.43383594876248854,0.11127541109093127,0.1616664088093062,0.11334118755769866,0.4783189248900466,0.3623515699711233,0.145541648321135,0.541150132057581,0.2787392951567529,0.35080521943141296,0.5230653991880297,0.34752105858696,0.3933173749365825,0.33123659451798076,0.1198549840704098,0.09299098581034693,0.20319497230892233,0.4603056645022467,0.5386907887246404,0.3172732749640557,0.3461452423149599,0.423251501415309,0.37487172309748396,0.5474422638217092,0.17355148593372327,0.1834167456690813,0.07489981110075819,0.5035271510249507,1.0,0.47350563775953664,0.13636185108129606,0.6488173661939893,0.4862287120131599,0.4919786104554415,0.36988905374891895,0.42521674397043435,0.1312169218359734,0.14200162809157907,0.382448191188507,0.13203595360200854,0.13226389857751866,0.4370981993861303,0.31383275868564514,0.31375186055636345,0.32471293174192206,0.3473493869216843,0.3195753179668609,0.20129246923752564,0.36754703789787135,0.026116560309530776,0.35523736579994636,0.04617849476345153,-0.01287104246832583,0.24870648282627056,-0.11521934906149331,0.22587041700262556,0.22392105766729287,0.5015694559215184,0.26081243182364694,0.23373117943304994,-0.10532560449035537,0.21103171733374662,0.4691905169880821,0.539641821125205,0.2979167592072111,0.3588222863353783,0.022889393038452447,0.3430539141774825,0.003396188445946602,0.19132375690472853,0.4655734873363335,0.6252596938893358,0.31791167787006264,0.4727418138361259,0.07111489323704982,0.6277632052334743,0.26274582712485656,0.35045771125138975,0.05589414490228734,0.29259871483280936,0.4474487677636881,0.30684430475746644,0.49740593519495413,-0.1695944606952561,0.15107412257164313,0.2868641274082064,0.49538476994546937,0.07726075501157721,-0.07847265386129493,0.5333464283434138,0.11150097919917319,0.5239039146922319,0.14748776943124922,-0.01836328969766654,0.06492823705884834,0.09655099309106367,0.41564694933856716,-0.062399591386668715,0.6531423282336762,0.47485230596839095,0.30139391129453613,0.46029644831984506,0.18605947807107956,0.18186634368440194,0.5654194404761829,0.22362710066742553,0.19528232301748608,0.14331105463467197,-0.020567867693471943,0.21096051928235887,-0.037740982753751554,0.03310036092727889,-0.09090025898001826,0.5920944620488857,0.14798878658612208,0.4710864690407344,0.309936410797226,0.15541687953386568,0.224720324708496,0.5346360160324835,0.5256438940206999,0.10487150972848033,-0.03393396798282218,0.030003845535419682,0.1645754837914407,0.29191553512811097,0.331735713664304,0.05568731578102171,0.5416274954011728,0.08016885247107682,0.4789824119017455,0.286167512495154,0.09994807293844236,0.2556967267665158,0.2620891341491309,0.43229814036874603,0.477415018976775,0.5937414343771203,0.4269193660816076,0.600946991991334,0.17372384956710182,-0.2416057141135221,0.32044256844297053,0.28084844235871376,0.5038272669106674,0.27550566430939044,0.22817990227395402,0.10933081473775422,0.17439962862410993,0.5116955899206362,0.3382560420371258,0.2038606812697205,0.633228237131001
-0.2523036592197422,0.5187611435476551,0.2955497579482648,0.06769387450136755,0.2737921828803954,0.4599490037970135,0.5208059121631968,0.05754345087678954,0.15437035449439113,0.13476823503649485,0.4936912722727793,0.3270545110245461,0.015691067497945133,0.3928164565443098,0.254286883602121,-0.2338289259472459,0.21737453915299096,0.15489681588570917,0.26744212649035887,-0.12283159799194197,-0.058351750147218405,0.24494312199152385,0.2983756555194786,0.0004965679773321438,0.2547914901771587,-0.12050192559924709,-0.04252561848708213,0.1117421668537048,0.36299011495366024,0.047328508001466374,0.0035630131776140978,0.18223366263114807,-0.03193659196036442,0.1351565797388178,-0.04083517537212949,0.3122834822316019,0.13668234131483603,0.3438913681819086,0.33672201221267617,0.234014645077624,0.23188312711223716,0.41771341194995254,0.3363743604036545,-0.16953964691335371,0.08758512951831096,0.43432037303304644,0.0357299572824813,0.19610768525750774,0.35805452516935893,-0.01725600464562354,0.2177769437800732,0.3012801504615075,0.26501889779580673,-0.03329015162536295,0.012761046497970911,0.5041681423268156,0.3616378908484556,0.41438269812501005,-0.017251497924183904,0.12758049225494722,0.5386903471048897,0.2016639163318697,0.12305906490389089,-0.11237808975661025,-0.0026717280137214094,0.07614939326101763,-0.12221192593156963,0.08640547368327675,0.4118776653483196,0.19030646567573622,0.2731107223387,0.45249300718565516,0.3572901810132626,0.30000786158888787,0.44604911520928336,0.47350563775953664,1.0,0.2619897883390659,0.20339800440422623,0.4043988473957151,0.3399182497070487,0.5740735517811585,0.27515956612906106,0.1255398382868095,-0.061606702898072865,0.1587429241075573,0.21491054259880982,0.1721900050306146,0.18147902500324206,0.2556332101069428,0.2596026277501966,0.1476125134844358,0.15246603065733716,0.15148107691806065,0.2556546408811165,0.06779120847843659,0.24157177709002003,0.23546572708600577,0.30580113956289107,-0.1157051391695391,0.450445818245832,-0.026163469439841144,0.3075018302202447,0.4299786582702866,0.27931082804222174,0.4613538332746168,0.3640283078289835,-0.021723436877847568,0.41580419900360444,0.12070615069248639,0.19280967032105067,0.12839436481227653,0.4432132692003647,0.18437826087869919,0.3941773573752363,-0.2578558853118992,0.558670481187062,0.24639199159720276,0.1390638969003736,0.5187907713786748,0.06472846767710075,0.1652378848229272,0.336330770086112,0.415222118750342,-0.008877291435728202,0.36872943351367143,0.25745375855842617,-0.05212229764949653,0.141908768528929,0.3393084336507343,-0.13137956056928365,0.053028204141543994,0.533867662494966,0.10630757878158612,-0.1519718259700982,-0.09682309072080554,0.058712176543863424,-0.034905216892553236,0.5242897776121123,0.29462203310008767,0.39146892154874185,0.004320145236265282,-0.09177675991972857,0.36477375752586705,0.21310563371462352,0.18589621739010118,0.3508961162074219,0.027235973261978512,0.42035438482328497,0.36338035410579606,0.0590532479421031,0.2091928658794268,0.30882375788239214,0.1878030272498327,0.17781279887895102,-0.16659974655820142,-0.04525095432853202,0.0028256449474438746,0.04770364519296461,-0.07441007605984576,0.12648049795623573,0.16443657386586918,0.2965471732028001,0.14489114907923636,0.1899241954211283,0.31148410250925435,0.2271330542109509,0.1326070692944357,0.33619722131045565,-0.04502156222290634,-0.0760541739506142,0.009634928464659624,0.36898703139814126,0.42765567751781974,-0.0025520965487501055,0.37762553133598653,0.07229882006611908,0.041199286165847344,0.14800212125494336,-0.14408555390489403,0.2983905734484815,-0.1481592232720206,0.3743873980770264,0.09362976468715153,0.12126811840030195,0.5728679971585116,0.5030290685867793,-0.11313244632763814,0.03445789170770987,0.39751484868173165,0.37968794983074894,0.39137633242529135,0.4723179917356694,0.21087482418448325,0.2248440940166399,0.15254359173415438,0.11518652932941785,0.12966931250354666,0.28357073088880325,0.18889061889637238
-0.2125011493107431,0.382757682424069,0.26697112497080105,0.25869917017594324,0.3741812109289734,0.1596684272993389,0.27502672547083157,-0.10741688399438898,0.13686050972587102,0.2850910843702085,0.5001078472259078,-0.09308624903956314,-0.13980936217086606,0.40099396639942514,0.3420820860293814,-0.04012565358000003,0.04344224917675813,0.11210895051427948,0.33025413514047447,-0.05958148267554836,0.25344023230997426,0.262795757481068,0.3396512678261686,-0.21174091618755939,-0.13549826573446583,-0.0455247673563745,0.23402367659464027,0.12128605092292216,0.1932485263592483,0.3598220209873704,-0.06545291917738236,0.4622852856083708,-0.2468513841225784,0.22144356982384267,-0.10552612958495038,0.055956794254825644,0.406106772910317,0.006855553162433997,0.21980824437543994,0.13879579524823163,0.2717398784721031,0.12894257201931358,0.5096071419494594,-0.2000542846609517,0.00499338617237156,0.14980200555234993,0.02450218927092091,0.3328472128371894,0.41501381070418736,0.08104381346922919,0.27698392366251223,0.15468493566851593,0.39647552253995416,0.018443923889930748,0.03710475143739744,0.10519028024446007,0.31019532745003864,0.28141123207030105,-0.1964484424513912,0.11317286055833303,0.24456357122078923,0.049741328690332424,0.01699012819455778,-0.17299377926304652,-0.059705217050855935,-0.19698748458296791,-0.03562399830521728,0.38310072703589,0.18536854092438118,0.24564613297613463,-0.0009649610982450216,0.49974327553650955,0.37844574098492734,0.39494428009668353,0.08054129034511605,0.1363618510812961,0.2619897883390659,0.9999999999999998,0.08419342529636485,0.24768160791663185,0.1430741977935814,0.2782023171395467,-0.04341961157784876,0.23717606878712547,-0.04429796392391687,0.2467524633737692,0.29445569114418857,0.26081738224348255,-0.001570668482107952,0.2704829565772455,0.49240337902658904,0.4165517706575491,0.024611290237627086,-0.010942700919528864,0.15057014582849543,0.08608289345653175,0.294886833767394,0.15711256910380048,0.2763178550694286,0.07580706748339762,0.4108465326618159,0.05967283566830665,0.5686344004920978,0.4029248999926544,0.31272243608958517,0.2291823889832209,0.3514972181105508,-0.08079331081222384,0.4459460927708645,0.007531120585478739,0.2934370790312044,0.4291030174080694,0.21635483897446459,0.21509066709735272,-0.06986561388930393,-0.33117576508579033,0.38850935690999744,0.2280061371357918,-0.07884889987973985,0.1473414664697381,-0.03816603239503725,0.17638954110432978,0.39156651955125443,0.09641629030054817,-0.056232120687175605,0.37348102397039645,0.15760619180002974,-0.18241381302816834,0.3019646680603157,0.4425454328846506,0.019423264584324668,0.039574321165180296,0.32305053200226364,0.18085741645736203,-0.07404245539576113,-0.03560537640079036,0.06988459701327168,-0.019051729382594328,0.39929271885202106,-0.055843703887590294,0.3709990150439809,-0.08191549226632061,-0.12637621214565564,0.0865494741716006,0.34466343528662263,-0.030518450045170405,0.12455951431730623,0.23019435883033712,0.06222041692664743,0.1301597912238638,0.1186466383931311,0.322530162317912,0.11340684441570084,0.041328618883762804,0.517711326779728,-0.11961901285962996,0.08729173458290168,-0.005987488693239117,0.07484756850805835,-0.05593528556572699,0.030107176145013397,0.395474652647936,-0.017012061105599913,0.2609900836867333,0.325956851048907,0.25252193059943456,0.09840485812438865,-0.05459935775705097,0.254466028369344,0.005752979659304602,-0.17217956413277916,0.08838536126698758,0.2942545822895718,0.2640926812284804,-0.023201375913834477,0.27429810306817365,0.011868703941187614,0.20252809905443755,0.37402342463397065,-0.2527509328789105,0.17777167281336206,0.05293418802517229,-0.060160156865655776,-0.009727851288270837,0.033108283319588074,0.27770605620363437,0.23476467450502814,-0.32468955438950964,0.1540987560213596,0.2923980649031478,0.18909405691122416,0.16686487304443523,0.4924814270915318,0.35403905552466786,-0.07728604252267861,0.33235298480096237,-0.2062443255920946,0.30742774121115013,0.5138028940268654,0.22794544856376378
0.08326046621920317,-0.061353998365976006,-0.03424750465180153,0.498634704046044,0.12180460317424383,0.4716585582953381,0.04987257276250369,0.48348396312206443,0.4886221441731537,0.3789673310629718,0.024522443971419033,0.29866854203138865,0.5007676156807479,-0.1045356909996956,0.3920570472812413,-0.07671605933734743,0.13610360173739253,0.5178662397803392,-0.10467206518022105,0.24358986657385298,0.34204303047713885,0.2397484524702491,0.009681005898423915,0.482473340266616,0.5027659779439494,-0.04373400215828748,-0.05803111675030421,0.3806013918153674,0.45168736157416917,0.07177746316250468,0.2469811407430381,-0.0408448759848077,0.5120112991825989,-0.0659767516269263,0.5576761674514417,0.44437736559724217,0.23795299536851894,0.2941929238914191,-0.22450287827839027,0.44565713349207825,0.3012990689802423,0.36326420929037945,0.17486961611419766,-0.08071667500430278,0.4237421649022303,0.1791373038994875,0.31223163278459726,0.38785709725605894,-0.1592247460173898,0.1170002044788805,-0.05520909124053814,0.2613404871462979,0.27654062814785696,0.011938566010671359,0.5358946142500817,0.1414901177006222,0.21059951879155892,0.20783655090242042,0.45470632389311877,0.27047185795632717,0.13299770865021032,0.0232005799467599,0.21269365807204094,0.27075530580321727,0.4741657482261326,0.5442470916137264,0.5469035489437288,0.2885242147041775,0.2081668788816382,0.191674101556793,0.5400373187015164,-0.009032314128613552,0.12933547333392273,0.03795221493311656,0.280921604774551,0.6488173661939892,0.20339800440422626,0.08419342529636485,1.0,0.27955098942019296,0.132300033219806,0.00965340594399916,0.3480881133715146,0.1358411912011224,0.22288779275641982,0.27327790334876456,-0.003168494239666147,0.0663434988085806,0.219997442731545,0.32606311303010777,0.19180102169116764,0.3645985863125375,0.29365333367817725,0.3907034784746754,-0.026061343065099836,0.4786432627779964,-0.1613439677412639,0.3078441546367193,-0.03016015842697656,0.08351417000518375,0.20988582045317722,0.026365404363223186,0.2282218464696795,-0.01841575716510514,0.26052187152689443,-0.0638794807114525,0.07059345145931743,-0.07075763134640903,-0.05745014442962161,0.39996539951051346,0.4920925212517049,0.26011621852596956,0.20688571947348672,-0.12729981053484662,0.317510453066191,0.1480479788739675,-0.05634098623797589,0.46207727883189326,0.6082931077982393,0.2446915180840155,0.39408687902277467,0.03969570121145105,0.5981460154336838,0.2162066707567486,0.327913522495582,-0.09890703353031079,0.09790161768341864,0.4641466115293668,0.23428289123780774,0.3261548626746187,-0.0394193475918447,0.2145877028769501,0.084776296878553,0.5372587183986821,0.292094186997158,-0.18085078367356738,0.5629999775357436,0.18600708926742818,0.187198685988158,-0.015130135157061514,-0.15073304043883326,0.09502253545367022,0.31017361124696574,0.3931703121820518,-0.04948988222986388,0.5539742534165455,0.10873531684402882,0.33610799531389923,0.2842878844604605,-0.0698644598887818,0.13922867142813952,0.5084202019199258,-0.010742856561099318,0.21484162827770253,0.1689389005936595,0.06146068308970757,0.3113778296128359,0.06319980432945405,0.15461356069948423,-0.11324247534763657,0.44318023102595666,0.10817581910343646,0.1847836171703106,0.1988126043258185,0.13752615813021826,-0.04208986441284469,0.3275192224555776,0.4239966885524178,-0.12138273069982763,0.07968570960426438,0.18727850925366624,0.12461026581266536,0.1456019595167622,-0.012384849678646137,0.05334856276324044,0.4077370137512597,0.19187475357091663,0.5409826927746827,0.0889391808746741,0.3222446004545794,0.21717802967171312,0.30829525499801724,0.04190117472062817,0.49121920439716693,0.5553016249051769,0.14177354360707103,0.37469092826756023,0.27020245471757653,-0.21753066506868218,0.09624646265091949,-0.019211040401111944,0.43065344166691394,0.11793819019000791,0.1640993528596552,-0.07967663531464793,0.249585219629203,0.3706703743871651,0.28355162014020663,0.028691206791653857,0.5515677319747444
0.17092198465219985,0.18149662136430286,0.10712965240965022,0.26353466087752986,0.3615990065579454,0.477264013989644,0.266172466412398,0.15016725925318217,0.40957214739165887,0.578163745425863,0.35878352865465796,0.4143445335228801,0.2960713055380113,0.061836206675584045,0.27031758978897197,-0.021006432866293778,0.2714206594613558,0.48030156956428427,0.15303995103045331,0.032790642294431425,0.16083967219713136,0.3712333627192808,0.13189099414416441,0.21860604517133403,0.41964909394181815,0.2707854229237521,0.09779332598338623,0.2888288889466977,0.3683470510725418,0.2626644130915411,0.343517364353707,0.1074692027515038,0.19479692398120593,0.09196627829708584,0.21076542522080619,0.5889743855644574,0.3097268933901596,0.3382875365740703,0.08473918883960727,0.3518573696340043,0.5375482674962967,0.5387227104254463,0.17622047379497296,0.12184757792977827,0.32615230989347926,0.25288873135883144,0.2972852050196413,0.3278744619271068,0.15787029021384813,0.2607028241552922,0.1259615161618556,0.3126685603978378,0.32170425988387175,0.10732554559543321,0.24654986777160737,0.08154334262713693,0.29871926477328375,0.2686662848303624,0.17017510180553108,0.3021233154332209,0.15720592178174567,0.23830486461505299,0.35720454396569806,0.20517783328426017,0.2462423447896162,0.25296200355317355,0.10935202447376938,0.20800877146957955,0.24225279653185305,0.2071550331233402,0.4346526926621848,0.3135026429531063,0.32239794729565047,0.062045394868161775,0.5127108712182119,0.48622871201315987,0.4043988473957151,0.24768160791663188,0.27955098942019296,1.0,0.2185599667555916,0.21722492285579612,0.28730185453208507,0.3001720110954538,0.31291244043420613,0.21012023990986092,0.22446799381283558,0.33275914281556507,0.1733886289929884,0.14673715925211966,0.3482244674009018,0.34557625213378484,0.4519500017435445,0.37132937662528487,0.11392078115237977,0.322385688579263,0.009565329111987979,0.43192105262865826,0.02655294638033106,0.33406290800491195,0.283110326446745,0.222836757256695,0.36762787208851966,0.14940816152846623,0.1631654449031725,0.201903390469508,0.2857744941481207,0.012905035406937054,0.22293218194975817,0.36069015062294346,0.38920145073301166,0.17143030206334492,0.48847258131860455,0.06437492780893812,0.2689826209526382,0.024557730087794348,0.24265498213556164,0.44043315320180026,0.2862057479926115,0.5665399389261631,0.15174893096555322,0.15466313159416895,0.45213669342421786,0.3597615162828374,0.3476752617375929,0.325947632873744,0.25786667264863666,0.2486908659384762,0.1404846305777543,0.30866064237646923,0.034855268321431224,0.19037501689161931,0.23917136854481005,0.292336538165308,0.03498063039303597,0.08484836949677779,0.36635568990774287,0.14097983127371458,0.41914582456023286,0.06968656465136434,0.07332068425583214,0.08849500671530589,0.2770416626311697,0.27716655811392904,0.14527543057960887,0.28132741914501663,0.19017474651948058,0.3132260831166854,0.3904382565553949,0.15099129587815688,0.17053175694947437,0.3210629565819621,0.13106050701855354,0.3113606678585625,0.2966885846024962,0.17985566530755517,0.1625860447504007,0.1941920256360647,0.39549309672636074,-0.01051026933149323,0.4368659325201232,0.28874144334557716,0.40264017568632793,0.37456033538249156,0.08981053066382606,0.16456550240901685,0.304572246664911,0.3926602423271969,0.06193766800394395,0.09479774047157387,0.1439574885520283,0.1683593190564603,0.35142423860363814,0.15337169478796467,0.2892615570997759,0.39315861092284937,0.2260186096032691,0.3747798101854019,0.15850488912345403,0.21898287458170482,0.30652967185364033,0.13197960265966036,0.33406583292135666,0.164750284453083,0.3404100379338313,0.34746294583858994,0.5270819590370482,0.15357274687939823,0.07226462546005769,0.3677663517600851,0.19471259079428366,0.5254926087225729,0.40836360514426945,0.22589367763681004,0.2067940337693649,0.12762981270216367,0.28979337733107785,0.4183994231446134,0.3021434436230051,0.3340486893321677
-0.20203293272817946,0.4622424093395403,0.8156292986227238,0.23910566057408963,0.42979281484294124,0.5675766973465911,0.35872423019338956,0.05958219742736825,0.24455525698643474,-0.012332807965379727,0.1674525408584841,0.4674015468725614,-0.059646599260889,0.4815945725206974,0.15387617767486048,-0.3069411134291948,0.18359031497994924,0.4698612714275698,0.6943315087148763,-0.018498245694359663,0.03731410788569734,0.6507816273980706,0.015143412222396613,0.040895094928514945,0.2578278126187716,0.0423435987803429,-0.12185394884852674,0.10541912023175802,0.6564834593482151,0.3500690528796804,0.09843212483247817,0.12272161433869663,-0.12327271986005288,-0.15786472732401724,0.09880830853767054,0.1862332044582749,0.4585786522711454,0.2791389706495946,0.23139470761152864,0.3945421062320913,0.3523401852401855,0.325773135148083,0.22292614149368595,0.20311404399483102,0.4125076845494399,0.7768370504991864,0.026862030205450162,0.5710046197084377,0.2558508581726493,0.023237530825035345,0.3532245652373275,0.3449791107954133,0.034385910641690595,0.49915319053166024,0.12355198660433502,0.03892147168653871,0.140084952509486,0.8018428831137828,-0.045502048749450685,0.14018572007320868,0.20967915968847967,0.22016167779974638,-0.21061558057527838,-0.014109826181275417,0.07505725104272584,-0.0017530300207092744,-0.010618884616408334,0.3107030368165452,0.4487979968559515,0.3358851358996731,0.16572173937513204,0.24951336998817084,0.07457953947553382,-0.24584624509154068,0.39734655702169014,0.4919786104554415,0.3399182497070487,0.14307419779358138,0.13230003321980602,0.21855996675559158,1.0,0.5052698569431254,0.026616814002327193,-0.09548337834755798,0.17381396999618565,0.19795200731006976,0.2365714036358292,0.01648422586719858,0.6294769347746306,0.055716019099791174,0.35108375948749765,-0.018121361147622767,0.07125625600274299,-0.014655588358698254,0.0276489404898468,0.07835494444282756,0.33096551378297007,0.14476933662410063,0.016411629245045134,0.032563781598602216,0.19860784889894542,0.07155278825887447,0.235433545845332,0.3137806266344122,0.6159473636409989,0.2966146461311118,0.145494383402115,0.27607588720999643,0.5129399033595831,0.16141940538849578,0.21488682248718827,0.0257474285457303,0.13822855537350745,0.32753490137903063,0.22430911894157218,-0.43277109728660146,0.24993987165706033,0.1472991054117467,0.13618475713261935,0.31442726387896136,-0.04760381957233805,0.2359223317143284,0.2175757633966544,-0.025905796659655776,-0.19682903456561043,0.0003918272223965067,0.3089576904992647,0.12110084528118192,0.05196257188292923,0.2737065075925308,0.0999858450773662,0.32242506319062597,0.402727351877913,0.04744921220127421,-0.1031449910091419,0.08425891114454288,0.14252986340860693,0.29190963592456126,0.6769193148311352,0.3194629691738386,0.08002989650791326,0.4655016886535179,-0.12354801835473912,0.1673891321663732,0.022976946620685876,0.19583634060929986,0.8888923763263268,0.09691541093692946,0.24328830780432348,0.2778933308992852,-0.25716060395127616,0.30141667947927697,0.24726148401825454,-0.07168919842720975,0.16610253601753197,-0.19178030740778837,-0.05356582966030541,0.12707308381136162,0.0750386727519611,0.20706370683601033,0.14912164291634655,0.08687419109557609,0.4620707031293324,0.13141791892620855,-0.09842379665664905,0.4336687789711246,0.12678914856254878,0.23940053094119437,0.005022701783746568,0.2792964787452345,-0.2661838081828505,0.3977777317277302,0.0010075711934080442,0.687380848410617,-0.0039009325629095213,0.4224511119110946,0.30007504252323364,0.10357704940577928,0.5739117156560413,-0.30584797772000594,0.24600843595193084,-0.3024711082300675,0.30546681191166714,-0.05491854955601994,0.12429344928331634,0.4701145623847618,0.24616767661947406,-0.14940173397460257,0.1416142572449749,0.28502392474037247,0.2716926451272192,0.2887664687592809,0.4473914434062824,0.2826220731167047,0.570234957051492,-0.11924637522322017,0.3360664527616791,0.2305454571089643,0.33175391871140586,0.31535299564563996
-0.49160949108688284,0.829194467920189,0.374015798423234,-0.09141869551194311,0.4399742191939772,0.604070764221926,0.7866620690659822,-0.1110468769617246,-0.014582837841143755,0.13654879876520953,0.5640184121646408,0.2957478945303465,-0.21229425318778494,0.6548572242104977,0.14891810434211403,-0.30605624944823595,0.11555392692489863,0.1668362448109762,0.37210488836736383,-0.3867265702299354,-0.027642938624447003,0.4279288126854929,0.4954237261039583,-0.14926860905404288,0.08478727149172384,-0.2849243576064859,-0.03344033826622391,0.06140426755852753,0.5229629227048992,0.4724086819955209,-0.19906957210655402,0.43670417823390256,-0.438407107499411,0.1616044900234411,-0.23307269117160176,0.035322475508526144,0.3018141152577248,0.24679895200207438,0.5909349741647681,0.08973136357112957,0.11168764502258785,0.45711904289113675,0.5389917742159915,0.08071376621295381,0.059853040808852204,0.7771230436874554,0.04389572378767204,0.19965606833099409,0.7094400456346338,0.03559826894124352,0.4981699189131682,0.4925783035545836,0.14512199454699914,0.06400482446508941,-0.05372446446503577,0.5159867028707773,0.24161345898866904,0.5493482459387549,-0.35940045045524394,0.16795152371472274,0.6992857219504527,0.13817255599189457,-0.18455127925219555,-0.21768966294979297,-0.016075619406852235,-0.10785148355324778,-0.20776395632154104,-0.01900574389190822,0.2813694222163875,0.12649363511151315,-0.13893980874213951,0.5558788839192089,0.32761658185182563,0.27785035691030263,0.5149584614553194,0.36988905374891895,0.5740735517811585,0.27820231713954663,0.00965340594399916,0.21722492285579612,0.5052698569431254,1.0,-0.23896465811184184,0.17006872629403208,-0.2938048527159999,0.24006480656584828,0.17613482815827106,0.14258898224948421,0.08540645848903279,0.22888555633087174,0.33394868474841694,-0.046196452179375964,0.16813226998739692,-0.05935839349403329,0.5911282724646649,-0.06472613454912486,0.3894931637868138,0.2143486658478369,0.5779636391524331,-0.198072539303273,0.5113324326676548,-0.20299478796276987,0.24224594856271278,0.6348681603956247,0.18644986899943766,0.5577920407450396,0.22155337347951745,-0.06287644624583426,0.5128122834711348,-0.061114088083253935,0.3129084605495635,-0.08909237683524612,0.4644367386591671,0.42351215043231905,0.1850880015577283,-0.5062001217669899,0.5565640740592366,0.18467302592484286,-0.13232938321925627,0.4014654630704083,-0.02347672741279734,0.14045513234319423,0.15358840472958157,0.0900270876511856,-0.24403818735947083,0.18938108823455294,0.6087861974320672,-0.388968173329859,-0.14521829609501252,0.2641407952677563,-0.23736488168569742,0.02452130558778858,0.6935996221064424,0.08437031215900316,-0.009046394221529664,-0.03363070880840898,-0.3105432600866721,-0.3142028923933545,0.7184732985494542,0.32922342758744416,0.4419464477352016,0.019843777423019692,-0.44688601446844084,-0.0009999409092356789,0.11947609410492499,0.09636789318470179,0.5462408401716908,0.05888297728091814,0.37356327682757867,0.4100405026094005,0.06250358392371413,0.08033755401746163,0.31346033167791987,-0.009311139647831698,0.1426227973459122,-0.28031762850016073,-0.1177901063152439,-0.16140062579458853,-0.20342404097681346,0.18259396214845994,0.2660539859971019,0.039411052071598646,0.3003269894541504,0.2492209705887706,0.12354080084886504,0.6819058523547643,0.19082803969561973,-0.03724556011096183,0.5093156152426536,-0.1772346017413385,-0.1506181011049612,-0.0921331924618255,0.3394410478361625,0.7464472644057192,-0.1489302802827984,0.2051115142633541,-0.22914544871030526,0.07921562897012399,0.1894467609196377,-0.4502708637172197,0.3193619843922352,-0.17534216325470892,0.5916072025390333,-0.13019003932936662,0.03570184116969846,0.7324635591745666,0.34212469024167913,-0.355992918256208,-0.11892916370129979,0.22672702973852263,0.6276355376204563,0.21015353470957462,0.5391394260283344,0.24334403792566803,0.16918046238821996,-0.1126113429406422,-0.157374116884161,0.17873426713465157,0.29619505762860315,0.21187720073691357
0.06964922860461188,-0.1283957646354689,0.011478193596953394,0.518967453180756,0.02809836204261739,0.1185589518162361,-0.11031547979428674,0.4572443781430318,0.3561068266902642,0.17670756524600748,0.19152490434174643,0.32144570805019046,0.6270545800880656,-0.14935690070715982,0.26229759963598065,-0.03843285129529324,0.24636677995689724,0.32138683808087154,0.02560603834356857,0.6349869082872173,0.03359405863755127,0.1443588905877336,-0.06927774676621852,0.5781329098283475,0.5867599353264408,0.04682014408834479,0.18097920787982283,0.14575076878905577,0.17655166469541245,-0.2509452008413115,0.20310640522658985,-0.3228746946718586,0.5338597606236568,0.10081637729350643,0.4920571640222383,0.4988988308328288,0.02647522554313501,0.3317543326474642,-0.10192805912396846,0.5576543210911977,0.161090729916132,0.28301352190733164,-0.14633376954209293,0.1381707015570228,0.466764849303387,-0.11731381966538233,0.2132678488958346,0.2314967164382858,-0.16911386770507855,0.2037618152812807,-0.34707285801174015,-0.17001878356176978,0.48401372752980215,0.17446759372691326,0.622381424330762,0.15014766794264858,0.31421565029412046,-0.022453131266451154,0.7014876540793678,0.2500312069138071,-0.12838445401088497,-0.16268472514181062,0.2504281997974805,0.13923195460454307,0.17756186773569438,0.6794109913467369,0.5360723129645114,0.4020117680708218,0.40059415927803677,0.37318918386433936,0.6904925833160529,0.008934016002336486,0.24248430984539918,0.0769425274296877,0.19023138449383592,0.42521674397043435,0.2751595661290611,-0.04341961157784876,0.3480881133715146,0.28730185453208507,0.026616814002327193,-0.23896465811184184,0.9999999999999999,0.22524403812545304,0.05182021164888206,-0.14256226817843742,-0.035946779994684944,-0.035267126992859804,0.41746640401302393,-0.0030086844474396654,0.13862214366105147,0.3860887072087192,0.10552769184571179,0.4359389513366999,-0.25283558582168747,0.3747310749290848,-0.2795006955938625,0.12120617789525204,-0.15400447105603257,-0.025001766710032697,0.01399562890888897,0.13041797413645717,0.01014600020510964,-0.09411846390150966,0.29714611713652034,0.0759943398330594,0.32977034472725913,0.1934725040398678,-0.10561932471328872,0.4368811972948839,0.0957160062848076,0.4693346674539451,0.14951331851209526,-0.26707651275603406,0.25270076747900383,0.2976167122945187,0.06906041991278675,0.3173522192563061,0.7542946164542823,-0.02173334111475472,0.5146998627144832,-0.16815696174533531,0.26514100258037504,0.415185408095357,0.4769376554647384,0.0022048095910299024,-0.2407651039452434,0.6272311868257768,0.3865821854909228,0.20230453700877138,-0.031351455292259814,0.02345660264356214,-0.1420664781575371,0.13978409762541313,-0.029633406673035104,-0.24334042684407264,0.6357556812489736,0.29761337164826074,-0.07964109537629473,0.19876408715039237,-0.0318596682533544,0.07262019301476653,0.2657187391326207,0.5430037726603567,-0.08882074983271426,0.5738937500529134,0.029957524412688848,0.22159225866063945,0.434180187715187,0.054326134543799004,0.23574429630143798,0.33897393678700716,0.2161242295331478,0.37581759738328746,-0.05922321518004095,0.02825548800642687,0.27259283982161864,0.11486671246997233,0.10599663213617558,-0.31882431372856185,0.28922156462765014,0.16075955239257156,0.057751051563494644,0.1862951860599043,0.19943969779019613,-0.29528682316419186,0.3588958325345981,0.546914839899872,-0.11493410846282838,0.03465804233037331,0.24771881825522116,0.10874915568450327,0.21496990167091104,-0.21782541849155576,0.2937970398575104,0.2915833252662342,0.2595258202948386,0.23996111001284928,0.14331902655684572,0.3837093096202598,-0.08946484308856499,0.2988966633057254,0.03598505684562325,0.6153145071060655,0.4522401504258533,-0.053421271666391365,0.3899574794392955,0.40905906137031983,-0.052413849883240375,0.3244246245251653,-0.11447975159054563,0.33045056439701526,0.03538933597589301,0.21850449143433656,0.059716795414558384,0.6052383242518781,0.44859138291363804,-0.008734608351891063,-0.02296619892716073,0.40776774915233166
0.04613430244765588,0.1838588854525936,-0.16423476559747058,0.22838809212817332,0.043599301014871666,0.06010119897831256,0.16786071086882925,0.0014719306749899942,0.13284006330940187,0.30615381961451077,0.41594500935223366,0.004598931372474893,0.32932215737891796,0.013072172965044343,0.4821654186106775,0.10642034271900742,0.05294641252532019,0.18466926519016977,-0.10784749580084385,0.3422712417583897,0.1600691623719162,0.03938101646076741,0.22566423211732967,0.135502070729616,0.20172280787009494,0.001567451494114843,0.1545289937123074,-0.029461308844443666,-0.05173959451075627,0.12567717762532657,-0.09715574975715428,-0.033963064349749904,0.07888268184191044,0.18813793818750732,0.06267271792849367,0.20289396820701283,0.13559902050043543,0.08825813516190621,0.17785570876548418,0.14526785773353748,0.05556968142522506,0.20472980613121602,0.21278064374472974,0.1739443210499776,0.1884071729171699,-0.02445453109675762,0.5516513815496717,0.027424798110617595,0.22562926566087155,0.2683382069242289,-0.051826307487864355,0.10855568307007926,0.2517727881222156,0.15762034548669396,0.2920420050809071,0.2533511668611479,0.19393329430455541,-0.03048120106462143,0.18934549048756633,0.13498546350640814,0.08144442012278849,-0.18700093303787535,0.2525401852146279,-0.071979581682094,-0.0199244147392585,0.11183724514507863,0.3941041523065035,0.09579539542424456,0.05552752452352385,0.1440569524535843,0.16677975996249453,0.3312377682826109,0.4022201730678497,0.33344406760089135,0.24307351611278116,0.1312169218359734,0.1255398382868095,0.2371760687871255,0.1358411912011224,0.3001720110954537,-0.09548337834755798,0.17006872629403205,0.22524403812545304,1.0,-0.13786199162860907,0.09241915340514874,-0.036929359794428455,0.12556289708453683,0.036098706141096136,-0.017945898349456483,0.16889489896631094,0.28048617901614453,-0.08633476938921293,0.4716999065149557,0.25621169059934173,0.1276333161995692,0.08172786787611815,0.09771689845075955,0.22739283419939493,-0.011995105944563223,0.16341108689071476,-0.0011775715852719551,0.2666204536973173,0.2349108662906742,0.0717545536529955,-0.009444974720150628,0.2246611866417808,0.09556660481864405,0.015029433620788122,0.06051975978571981,0.09155934473694348,0.19177123158811554,0.3719963071447885,0.03420193371151656,0.11966826158362184,0.062694325164108,0.21980099858018806,0.18029869548375552,0.18192690915136384,0.02461241130745433,0.07608180752796459,-0.018002896121595773,0.17424774445008767,0.2713826683605109,0.35530156985716,0.32371676957792983,-0.019000573746085096,-0.029523862571257366,0.2392368754873454,0.25943193224118416,-0.05563182490587166,-0.20177138262867134,0.0885137416365018,0.06950725751872719,0.35894620103314173,-0.033625932185245275,0.0884383451569023,-0.02418455824130846,0.14407975575706944,0.049712689568942404,0.07955741973454647,-0.041646906714083665,-0.20670890627918204,0.1080355374329095,0.04983781293771355,0.04003886821576029,-0.09276293211310369,0.4650044646117501,0.29221448160167446,0.19634718651570848,0.33660569797037976,0.08578160668854952,0.13550382665009364,0.07819663049563397,0.13597901410007543,0.03237657310115562,-0.10563070239176438,0.009235174707641259,0.08946904618258388,-0.14412837176919358,0.3264209937570889,0.1600825709410856,-0.03331961527503749,0.15369071501127918,0.265121027020105,-0.0680684607001125,0.18016538482641414,0.09388094201251332,0.1810912664870932,-0.09466951499282944,0.030172348927451884,-0.10578879695257005,0.42654520487198916,-0.009928228620977883,0.13106084656468767,0.09963390560472887,0.0814596401073704,0.37028306238271164,0.11471079621462238,-0.1782297075719695,-0.02616128353433368,0.42270795816845735,0.25377091236035915,0.31323955241014106,0.07036770508102307,-0.008260871589439958,0.32477233144716644,0.08123146340273871,0.0015764676664714395,0.11651357392369366,0.11598620008924523,0.3148387234080545,0.022982511075522134,0.1711326390450489,0.055286779734190626,0.4099842853463131,0.039823407608057575,-0.023837542196136957,0.10374955122353272,0.1796671566829712
0.6356827092087254,-0.3631720261574861,0.2106136320360767,0.0661648985493385,0.00811212193310167,-0.012388357931443087,-0.2944726350611551,0.23398953403530717,0.392297562344551,0.07728324114701511,-0.27021937846981947,0.08639544370762234,0.11333197543530074,-0.1289920437892768,0.12959123521188531,0.09509852091214306,0.33321229140656344,0.29338882022045315,0.13632976332306604,0.03739459212049213,0.1316670644417114,0.15720314152881007,-0.18772847735986087,0.21916707468712152,0.17627181275507317,0.6804354935765634,0.004606235898770983,0.22367494402047713,0.07038863608161043,-0.1078233072605999,0.5760030584438451,-0.15283356685229363,0.2473163341271655,-0.06855395913298384,0.3267000726922803,0.23418139376859276,0.26687643713698533,-0.027140076522816046,-0.2807262590216819,0.12388988554491735,0.389117164090928,0.07187333601442883,-0.0678510128961746,0.23458010833537624,0.22749850770226737,-0.0020165950348888712,0.05572135008034486,0.37863514875871257,-0.2134465088065979,0.20586313754533328,0.1187195911898958,0.13416282218553352,-0.08255247016906417,0.33893686772165665,0.0832456166887006,-0.4840474483064064,0.07447486117568526,0.21302100997066026,0.20259528493969237,-0.029844066454108326,-0.34356197928458926,0.18403989118348452,0.07716709956003975,0.34492682282321585,0.15530632581698708,0.09786922930082433,0.04992409963880128,0.09542083205004036,-0.009472168720882603,0.1575881099535254,0.17291679293903814,-0.1550401123537442,-0.11638613880118394,-0.3051464091570109,-0.14211825220810886,0.14200162809157907,-0.061606702898072865,-0.04429796392391687,0.22288779275641984,0.3129124404342062,0.17381396999618562,-0.2938048527159999,0.05182021164888206,-0.13786199162860907,1.0,0.021953036866494673,0.21981019471258204,0.11589978932290869,0.3661596058383417,0.061173021319030754,-0.027107123773111155,0.10197032453708965,0.10255306245494898,0.18971535003373965,-0.31853686275487886,0.43536972360438403,0.12988048459176685,0.2212166506768027,-0.4746003651876238,0.5536198820013539,-0.11391806983798665,0.5865021569864493,0.051073256595759696,-0.22286027834264682,0.2965633985869644,-0.14915838213542695,-0.28570387991994745,0.23572025934219573,0.11294453231024452,0.314411599973625,0.0031451040216378427,-0.008754943201486851,-0.0771989687856496,0.005983593908046218,0.27801184863636585,0.18089315772138748,-0.3378889539831168,0.09227217124750356,0.14816148504613788,0.15502772317513278,0.02896423795901917,0.3192987042280858,0.11501720856549677,0.055288909418248974,-0.019292038759309557,0.010539665191947071,-0.035158616570068364,0.3833682695418766,-0.006881215658561306,-0.04372854401549005,0.5709610790505112,0.48293803044811245,-0.18259086254424495,0.17455924515258286,0.07667199120208354,0.21087292058377807,0.33719673384213916,0.6154548666450712,0.01489419949684097,-0.1774284313973249,-0.2206208739321815,0.5043526383686125,0.5752274144036643,0.11219258960422578,-0.1285184024531061,0.15677696338924593,0.03375663820422865,0.050309238930400374,-0.11681150754791048,-0.18209462628009573,-0.11385586969054672,0.14238399924353567,-0.07217108078445009,0.13474744109113573,0.1839103237042207,0.2867478333686857,0.25145215759280687,0.5857034089192374,0.608547337130258,0.1706237268066221,0.07582856345991879,0.18257753461364307,0.22214322299333206,0.06558333624689971,-0.1514207672692604,-0.023567942447013532,-0.11057029777781388,0.20309394213834558,-0.24742452575501717,0.6949139904114412,0.10331754083297931,0.6601749664078556,-0.29622832589692344,-0.10765892252685506,0.4271493202947745,0.3121806696219398,0.5948837979057295,0.25257254670939394,0.31398211255217406,0.3463120778497102,0.06141947942219415,-0.07108408380719726,-0.11301239540322991,0.13205964193918232,0.23895656377792077,-0.09999728359461948,0.06843625997234704,0.32915775569042294,0.3149833906060962,0.04945252236185754,-0.24723615672540522,0.38155195722140534,-0.022950002756603805,0.1712091874595086,0.29410181624384596,-0.06929840870155272,0.3878254405207043,0.34309841777247396,0.10959456285041004,0.1633376044994821
-0.26452070486783685,0.1778716244440788,0.10860651520059392,0.17661568838593272,0.19314228776905895,0.3990606984379045,0.20777597629426026,-0.09985344925093137,0.001990651892274719,0.21924557588359173,0.04376457299772123,0.27036383344303244,0.02926788658025183,0.07414930758724703,0.19817204118755571,-0.33315268231924733,-0.0022079497297848366,0.34001973305508587,0.04347950336548201,0.06119613868422659,0.1309397090696236,0.26235180410416664,0.0657303793603069,0.07329875352757276,0.24688770755334616,-0.2190612392556538,-0.17781810000227158,0.05118075406565782,0.35598965449588404,0.3514919801231868,-0.07464653039387022,-0.05135476365895192,0.05706756475498135,-0.18124942298575275,-0.016399961477640092,0.10655030141370292,0.2162719804371366,0.1684795210217135,-0.09128227266093064,0.2690055468676975,0.19151547636676214,0.46604624918261817,0.03967520416202004,-0.1902153911787281,-0.12992619602631753,0.207860358495848,0.13238856798748033,0.1567065450733747,-0.020692970829403412,-0.13276090920763364,0.04140563647720814,0.4682380124735082,0.07122877958406029,-0.0010617358928381943,0.1306009459413444,0.21479724358706065,0.01435111356999932,0.21630628441028463,0.057978983556198516,0.08035750173914294,0.24554903201920392,-0.036848188120124734,-0.03800307466828522,0.11128729748238081,0.2139131732412628,-0.019980996302567177,0.041868149286111454,0.19016985288007165,0.19886370293688635,0.12803272521832507,0.1574262752667023,-0.04566830746649187,0.12291515539854923,-0.06555954953356395,0.3309772018529737,0.38244819118850704,0.15874292410755728,0.24675246337376916,0.2732779033487646,0.21012023990986095,0.19795200731006976,0.24006480656584828,-0.14256226817843742,0.09241915340514875,0.021953036866494677,1.0,0.05340757688708609,-0.02243226595508977,0.039667756161579325,0.13451101663585774,0.17187042926080778,0.05467970849285537,0.020973230368509104,-0.04517435075560195,0.12408984753936561,-0.047745087788733584,-0.008145403663826819,-0.037202111114877374,-0.08576762085023149,-0.08399550652678718,0.10923393870434113,-0.17626038223586274,0.15696699819113635,0.13619314822618275,0.2715450149182346,-0.055421563072225476,-0.015422858468254622,-0.18634648552550873,0.08419490530338102,0.13929927415764246,0.35754361732698764,0.14667045302878173,0.1530180678285644,-0.09364791163042287,0.21919041578510234,-0.23527096095274508,0.08796696672962219,0.3300432041710283,0.09720522839935392,0.20264658691419263,0.14132243053809426,-0.09588877432095612,0.29280601310252485,0.040886737967000736,0.08808118074965118,0.051838044522440486,0.279967811617067,0.07434273996166328,-0.013990488858794696,0.22918913884085348,-0.09290420975370967,0.08665099788636817,0.23043869821398585,0.11026553525535505,0.013111725925129228,-0.10372877699204848,0.05930623365899659,-0.0947962909982328,0.3346161924550848,0.04326626375656308,0.004347378432599247,-0.04884155303166384,-0.1822800500440359,0.17780137974044957,-0.05969327200301769,0.18591796209579317,0.1603768217803275,0.17418508701759366,0.09968824938190154,0.09082630483023282,-0.07731625709984463,0.2920413940049075,-0.26779388592448644,-0.07142721239396456,0.2006480016258468,-0.20345460504957344,-0.25208179109076384,-0.06897194626485786,-0.13657349652380021,0.046878148821485235,0.23167907229228404,0.1424385836108571,0.3277165320029114,0.2740257518397108,0.17415439963119742,0.14229694991026348,0.3360867588502403,0.18995704463893226,-0.06674391084588667,-0.046972398766612085,-0.3014238949201329,0.001943732459565357,0.2075022428327918,0.17027262383021086,-0.17243557333049966,0.26301599974643936,-0.09165481462946092,0.14564247787834964,0.11457605503202477,-0.13448566189318006,0.13223130241457245,-0.01709829483251507,0.3086857913062072,0.17444603401674802,0.1236148593238766,0.13261040297294696,0.3487143609357573,-0.2303508531485931,-0.2071968204791168,0.15920718233942147,0.12547613068386793,0.2871263719242062,0.16340667421711652,0.09724731464348083,-0.0205894242463234,-0.07889413939110479,0.06036471805054683,0.1692769030864384,0.17055905776997526,0.24531285666556743
-0.025675638895458926,0.10985001001883823,0.34877231788417035,-0.04281152932584786,0.21441754824933906,0.18597296793824203,0.0753875082040465,-0.2326185560573683,0.036407902478181084,0.11275964210472862,0.20724889358196552,-0.028042995535508684,-0.1660129743574857,0.14882635482086237,0.14049394876892027,0.09874679345154055,0.1412091215868574,0.05698467093279392,0.39163118462587315,-0.15334252187784128,0.12329794120611112,0.3334155782963782,0.20196657766240314,-0.064852162375033,-0.06907328408522807,0.19467022677718496,0.0297964379291336,0.08028466689065403,0.24677000204376578,0.18329230269360933,0.12705231993757202,0.3949839378291518,-0.10873094441646612,0.15556791100343711,-0.007798499074380318,-0.025569001148904837,0.3940852460269024,0.10077574906654788,0.032132869964799395,0.027124219745990726,0.3819801206661376,0.1819004460775002,0.10362126616514734,-0.08650501786941259,0.12695350345879775,0.2460827100647735,-0.0015535371072106386,0.4286574702538696,0.1799069838129649,0.07720379101201902,0.2905713108026388,0.275794995298521,-0.002610259786655356,0.1571058179466526,-0.045835321789182905,-2.1836289173890124e-05,0.14379109494756004,0.31548524831809627,-0.132531745310357,0.0772575441091324,0.19525234590143292,0.5168355599725998,0.11544059861237363,0.19760125834908138,0.09796060025169505,-0.1680098671936124,-0.032215201306913785,0.24445129139476376,0.00886080414350439,0.2362232596481928,-0.0544725966612151,0.2348656087904014,0.1806704861973549,0.12021267934610276,0.016812335801698816,0.13203595360200854,0.21491054259880982,0.2944556911441886,-0.003168494239666147,0.22446799381283558,0.2365714036358292,0.17613482815827106,-0.03594677999468494,-0.036929359794428455,0.21981019471258206,0.0534075768870861,1.0,0.07114781605909079,0.228393995174517,0.14327438155085898,0.231726008592108,0.1889753337140162,0.14962842449779812,-0.0032102431750068547,0.1676335963307914,0.017413928991426002,0.31332887681422233,0.001844816552842332,-0.03508659430837947,0.3039603761816234,0.13389783460525512,0.07027881860164063,0.30735286465861883,0.14223900024904065,0.32563278606281576,0.1434589944146055,0.025406525333981467,0.1654361314829087,0.3794424375406203,0.186973487916499,0.20585521676005328,0.10254021091130713,0.13913029422159445,0.2380504138556428,0.1388563232452291,-0.05673818520969071,0.15556331533568568,0.13172153884025978,-0.12689652631718176,0.2914839683573292,-0.16358935862198787,0.4294093545581591,0.16568546368758116,0.09846096157353855,-0.18048872852343287,0.1558578637964273,0.24745503972923685,-0.1437737545963753,0.015617598708421542,0.28832210125994717,0.10528124319975782,0.21536968479420776,0.04477767940055669,0.12945827435363225,-0.08194059082539427,0.24145256814914812,0.11371589344545444,0.09658318698112897,0.4069907909076314,0.2737318938198436,0.2060029965260387,0.060160546247983795,0.24421167506652075,-0.03684756695816339,0.13825657068576402,0.11841143354048521,0.24703821727798467,-0.02812009618524027,-0.12627933012673298,0.10305057767504934,-0.15309292304789943,0.11864383417679142,0.1827691536883118,-0.08920161313702404,0.5226704514255657,0.19594529367325594,0.05075049159937877,0.14256573144665127,0.2624440969691659,0.3778281514287837,-0.05533349175359077,0.22395057282033803,0.27155130024537955,0.12494747588919786,0.06003346287610833,0.24858890158931482,-0.2245573961223542,-0.15757885750511066,0.23067511657370784,0.16870051732924574,0.01843136478040958,0.4995592287078412,0.017780048526764857,0.250654881109739,-0.030413121195733295,0.17155980921238617,0.1823664470988682,0.06114630258755196,0.31071232644437885,0.0685940433677326,0.37011141681532617,-0.030812756110215646,0.02698702320311406,-0.05303603584440552,0.06410296828070666,0.18239258397724314,0.007515771287030092,-0.20184678263207234,0.43169648815806466,0.227981024881447,0.07374751241924093,0.29659502308651664,0.34206540129341817,0.30999645113610264,0.1946831976820298,-0.009710809772278022,0.011127827994950101,0.45142309702960076,0.39344766752987115,-0.0066005265933806
0.11618457978859383,0.12128594451326975,0.009044209715717058,0.03250799112372038,0.12505289344172604,0.14314670640975274,0.03108929902948761,0.13083401878469536,0.31421316965332907,0.15957914866573247,0.3231063927067471,0.15234568189078887,0.06873403621191766,0.13082302463710616,0.07378571511031147,0.23647164954613886,0.006403525541050237,-0.05403735163273937,0.003724927907515513,-0.06455434271841519,0.23392844277186975,-0.0007356752389006975,0.2704790080363711,-0.025667845287386765,0.0635529037849951,0.2639590118395026,-0.10797167187596934,0.12893215220793292,0.06932350211238465,0.22513896070174957,0.22675665731455732,0.19339878318950715,0.002906008933355282,0.45577616256002057,-0.041101667293458946,-0.0003626692879128375,0.176058674056714,0.0921521223450503,0.0917587711654775,-0.02006575682065347,0.34969673497195986,0.14465709191433718,0.26024776735093513,0.07615562279046245,-0.0182394565485883,0.03375569300476837,0.04178054885772118,0.05627853963438406,0.3146456411792486,0.37454012822593225,0.3064118539049436,0.013063278859668149,0.14043512569168387,0.17303195742438418,-0.003979107611155136,0.03517618924794308,0.3162336596743683,-0.014505086732031519,-0.01776279824984494,0.4523213779824824,0.12136984521986083,0.10296514968940822,0.23493359619706974,-0.0015227311429563601,0.3253598432263931,-0.07861154618991892,0.0030412643651416805,-0.11660568622991983,0.011450939218867574,0.2452684291817796,0.029183593443483747,0.24433932658099713,0.46417575085765483,0.27659749623552987,0.1420517089576763,0.13226389857751866,0.1721900050306146,0.26081738224348255,0.0663434988085806,0.33275914281556507,0.01648422586719858,0.14258898224948421,-0.035267126992859804,0.12556289708453683,0.1158997893229087,-0.02243226595508977,0.07114781605909079,0.9999999999999998,-0.0402836366215072,0.18817226375003068,0.11212225197271244,0.08175984333928543,0.1499694147231029,0.030270898771689304,0.1263452402895719,0.22551938411403594,0.10274335090240422,0.7356231551599791,0.21678053945960213,0.2207742645347159,0.22228349435590616,0.13538133014588222,0.21389554087012624,0.21541437017781065,0.024093106257684124,0.20671247271761484,0.2416785169135096,0.03186535446943525,0.26280333254155985,0.012159734022906106,0.36557920487084566,-7.325571226037435e-05,0.11720448751018084,0.23345019154014518,0.026954750047140128,0.07062503825210818,0.2701318514370552,0.2945738880909807,-0.028955578466297545,0.10154612733009796,-0.008578295888508065,-0.0002615633552597694,0.18708246322533165,0.12932881489328166,0.152015074404922,0.3751809084562105,0.07837981389763139,-0.2731989101981684,0.17247825823641366,0.0015176919970700448,0.050223429016859285,0.10093438992799275,0.2628948995157181,0.28148882696994654,0.1378724842250898,0.27992993245023645,0.013209190460419972,0.13244941492479453,0.1618564376945475,-0.17770985219281518,0.09343671304313687,0.11453785230423351,0.14801312746416742,0.07485659573127972,0.11106928369432732,0.15884415472887015,0.007996473863731195,-0.12436448025182673,0.18650904054874679,0.05919421112791374,0.33764804549737687,0.15778765826563018,0.26473016458342374,0.5208332953072162,0.13846785416568747,0.35535614880023036,0.41008621184268657,0.15714238617052662,0.24572243934557747,-0.008924455805437255,0.2488167079727588,0.25470083529016585,0.024984838386824755,0.1578315997092009,0.25209240292260415,0.023918694857507035,0.22461651420596368,0.06955218945280649,0.12503451671674534,0.1320199283723342,0.3416050030076688,0.18337780606137946,0.25753263125411074,0.15478831419025982,0.1269652500019239,-0.024284548598103434,0.1791587472984089,0.2100253309869979,0.15057031448468844,0.07603272908080246,0.032886103731278385,0.053321149670108106,0.21413824022928102,0.04401772055619975,0.10904489466049458,0.18317329048443945,0.24782478981090936,0.07965491961021753,0.3158884709243611,0.14124149461497365,0.19301499040651335,0.12134122264583512,0.20640764157162225,0.09090088525990593,0.007987056310077598,0.16355529629947488,-0.023662704777504043,0.19514812424398806,0.271512684688148,0.038505512574353515
0.10012618184236777,0.043360420930208185,0.5124452500611995,0.43609057949930735,0.21382662229785893,0.2981594383819899,-0.03453621381901091,0.34204469738297516,0.34917909119195745,-0.05658429024234827,0.09834781491420987,0.275181903372844,0.23665989432039725,0.1159393856182166,0.23953500885771944,-0.11159012654111937,0.3549986491867973,0.40909839267367226,0.45552533957471864,0.30612949225015307,0.02268642788343707,0.4652000363533344,0.012269394972897174,0.353936290810862,0.36411535575157694,0.2341547548688056,-0.05494152333929132,0.12243414132274484,0.4042321721531436,0.012090628079108424,0.2794498531158018,-0.19483825919774916,0.30848192108638683,-0.11993602102022219,0.38344085563528474,0.21306341199605303,0.3484050470190736,0.2244047803028152,-0.06012034865035534,0.4598646526591579,0.33782971004487083,0.31080596464701554,-0.07044352053250057,0.3714020092498651,0.5629832431557097,0.29576968400259546,0.1125489813206519,0.5329563816952521,0.05000626028771484,0.26098004884824855,0.07975816983175565,0.13034987622935693,0.11248487180820808,0.7387726782033153,0.4042183300972639,-0.09057196225268314,0.31753505187718295,0.49205332234745874,0.3152188004977246,0.09056598133886704,-0.05915351203262473,0.00170452307051095,-0.11127372711276369,0.2454164202827897,0.13187233584329014,0.28528569481084604,0.32611075593379274,0.43893242437274615,0.37590702181811875,0.6162247097852622,0.382809904661875,1.6692243568523978e-05,0.1322448936639224,-0.1985055285183974,0.14885815099924604,0.43709819938613037,0.18147902500324206,-0.0015706684821079522,0.219997442731545,0.17338862899298838,0.6294769347746306,0.08540645848903279,0.4174664040130239,0.036098706141096136,0.3661596058383417,0.03966775616157933,0.22839399517451697,-0.0402836366215072,1.0,-0.036819864779117445,0.19261283805408774,0.1711773014878888,0.08674081061875671,0.18001343364010644,-0.14360849467204187,0.32093265107475905,0.06852314669466712,0.15443721654242548,-0.24967131992189756,0.05851400581262799,-0.055934250666134284,0.20274522574004225,0.09155499128980994,0.09732173382970688,0.6826261202026725,0.032935302632483746,0.08279309384823065,0.6371133535201423,0.30524075295594905,0.3752399723900976,0.11832808047968456,0.22703283184255862,0.01635846796729575,0.03192462963993255,0.3255149359763343,0.05701935874768088,0.037459977906201786,0.2153669919380293,0.46434550958060095,0.13036560837060038,0.17481743279712192,0.1078458899524256,0.13587442006413164,0.23676995027602282,-0.0005245995866833389,-0.06918582711860993,-0.0008917319859758528,0.35184973146461146,0.11278837303247392,0.19420659166708149,0.24318517898994732,0.2638750736377639,0.0755529586016655,0.13560980931954555,-0.06468909991540496,0.015363088389300816,0.4435161783823283,0.6531197480083332,0.28987535209039617,0.19550643076457933,-0.017184492595912704,0.6035923239131533,0.06984457862439594,0.27259950261846105,-0.1662530100737893,0.44016765251356565,0.45530943957819253,0.14445954451282617,0.23834583084891955,0.05967998494404697,-0.09918719961933739,0.3592579010511183,0.10872687641679503,0.14598670601085748,0.18680585099705696,0.05253947741427725,0.18493715416830572,0.3372023756894614,0.2503430692862103,0.18542140932142176,0.1962739374041496,0.16188506874648786,0.3335921966337577,0.10697301035723282,0.01757173140282101,0.06290958077615272,0.12283370756441438,0.30665238787858945,-0.03267924243404154,0.4534295924152615,0.12287379945162262,0.6071623687203764,-0.039760472809800516,0.17385318926621404,0.2281901110596441,0.37155269544376357,0.632861621426101,0.19277126112938062,0.6116559555169533,0.03381404422531391,0.11420607644474033,0.08168339202815923,0.1373277573970882,0.34957758719217086,0.2700824232010034,0.2117429732252272,0.23556221251069268,0.18339773900461176,0.26102850468211314,0.36452947894962173,-0.004310873553447032,0.49219660942727467,0.17278083594455537,0.3356289841085842,0.6203121065576784,0.16104303423213753,0.4211308586724139,0.19519685054348765,0.28654959156157833,0.38913502345350703
-0.03657581799662176,0.15924358206737452,-0.047303455880941515,-0.032388039316024284,0.10978169109030049,0.1752827354803794,0.19520859781418268,0.3637345550384336,-0.03149179878104559,0.1925460870419194,0.31662320159473106,-0.006511422780933132,-0.027579603635006673,0.08527140050488728,0.2938952510533449,-0.13346578488831234,0.050905637843388064,0.21533253382628348,-0.025089047932766492,-0.05225486861613392,0.41429223260559683,0.13388126635958783,0.1525466479400805,0.026089874803936555,-0.07334374446629303,0.03480663854083025,-0.02986465897947791,0.23253121943219923,0.10918727835463102,0.16691369435368927,0.1371623670546478,0.22425333341776585,-0.00746660714360912,0.08525735489792971,0.12129189602293201,0.04016341447767764,0.09231097061324754,-0.011821960355538811,0.1201250351865465,-0.0035858076356777547,0.22446540581641122,0.09645395838889406,0.3574832575137297,0.013185829161418472,-0.05797653567969965,0.16933735018792215,0.09387630169390454,0.17601572159554274,0.2410468710169859,0.10289575242591116,0.324774826105577,0.2642535062841628,0.30349047426707476,-0.02167040285450893,0.017415580522405383,0.1277408862519787,0.2052080019933735,0.1614365551881168,-0.012604578583588549,0.2466415232688662,0.20462577617387834,0.09929204632575335,-0.046628334025584674,-0.05259099676103442,0.11837471735455271,0.12708908330948407,-0.05671009508412575,0.06429067112989859,0.033145570747562136,0.038404042452194455,0.10837822669511661,0.2482986886211482,0.17291991546694468,0.357469040839496,-0.017751725851537305,0.31383275868564514,0.2556332101069428,0.2704829565772455,0.32606311303010777,0.14673715925211966,0.055716019099791174,0.22888555633087174,-0.0030086844474396654,-0.017945898349456483,0.061173021319030754,0.13451101663585777,0.14327438155085898,0.18817226375003068,-0.036819864779117445,0.9999999999999999,0.21142836571710008,0.1728710852683081,0.044430205285542534,0.14003953907508537,0.0918636236837105,0.2914865916184057,0.05930395483432104,0.37093397354992785,0.18700652119168795,0.02045459851666552,0.4030845038345225,0.14853126448993362,0.1775447996114863,0.3008601934728938,0.10877302681995608,0.15068925005013184,0.047671237903144405,-0.06808301043757639,0.22046125401136452,0.23516459497623107,0.5134935374717055,-0.005271172647442868,0.15417821380592675,0.14283728245456806,0.1577937353000309,-0.10892659994281476,0.28496873342880136,0.24379548183912345,0.048768813077180916,0.0871441634971208,0.22855716978945775,0.14112386448259315,0.3810189157514823,0.13567193952821827,-0.002759039161377279,0.20088477902561966,0.09842316019349971,-0.0794763501200947,0.07719613558245694,0.2915977252985793,0.05642644258198775,0.1596097386765069,0.21500275421908333,0.2747577041110719,0.13524339036289512,-0.15241086027661652,0.08394349272038464,0.17127853229140422,0.23457062202276074,0.032613945295355405,0.16237367212689213,0.134207058459512,-0.08840552065182593,0.21390467906463875,0.23524189676845697,0.16584092049446372,0.0340040740282907,0.2107476506472086,0.12360225319705963,0.05385522392994633,-0.06543380657845572,0.242852188698372,0.2556813803960313,0.16941671787429746,0.14048160103968965,-0.05039293503133497,0.20622074088515116,0.03966125100322368,0.11128147574048305,0.03144203879963578,0.14785564911461044,0.1967839564502924,-0.13268692032430252,0.08583394179140177,0.20577198157086532,0.1285835445159728,-0.011285071727352694,-0.03745412782100596,0.29915767491663076,0.058149124867539335,0.13615597085573483,0.14106122627814852,0.1669365468253093,0.18262320375993432,0.1322158193065682,0.17145539248931455,0.03420197197394522,0.16051716915693237,0.07630856097065551,0.02285058481816973,0.20139918193528225,0.042482405729083426,0.006517187933322509,0.02146695307806183,0.33279823207492176,0.35884730651115604,0.19266537249397792,-0.03562281614397476,0.02794146022115736,0.13664421399599233,0.0885007479404801,0.24913825479602764,0.17827967735846503,0.19863771703197544,-0.037283980350499436,0.1475499666101155,-0.11170982496647777,0.23821588197741086,0.20985380099958936,0.25812281201829623
-0.15802554561148005,0.5084540666041308,0.3431600504354862,0.23399663135822357,0.7631489732932213,0.40424065829323186,0.2399041582948883,0.1507483024595761,0.25531615479068775,0.531434522582094,0.5065808793834821,0.4306806045202554,0.2383747318826016,0.3155820171307985,0.27447333244216093,-0.31787300460545637,-0.10365582044905931,0.3731636620928109,0.41093197876774035,0.030568814192701858,0.028032881805778252,0.6495337008440022,0.09459438583692771,0.05043080362485542,0.2976031140228993,-0.08442717125405,0.1323354353548769,0.18282232339754986,0.5417397311186619,0.24139745672904503,-0.04815627882761396,0.2140035214062281,-0.08189658415970372,0.00477326137996653,-0.046833253018999856,0.301427091911694,0.440647143790085,0.3871986456576604,0.08817369470240985,0.5935313981110624,0.25040275445562876,0.33080911434309335,0.433068769838807,-0.04036186250322046,0.22854728780791966,0.37761533334603564,0.09272700928837628,0.43395053333706535,0.29980784438376773,0.18288522234085103,0.4099802659387143,0.1288956245913801,0.36017164639557275,0.07693413003499754,0.38697563680197844,0.24786932524159513,0.34573554311672194,0.49582730235461725,-0.005655887797764908,0.1821441680376295,0.3173629544625832,-0.0868724385174222,-0.08997152499097348,-0.056730290399215955,0.15822367629108136,0.06642894455092342,0.026955288136080766,0.3695471010523593,0.34665365416277655,0.22855046265361822,0.20490575663445182,0.564116241998924,0.3134165368720559,0.23844011779655438,0.4078464217087032,0.31375186055636345,0.2596026277501966,0.4924033790265891,0.19180102169116764,0.3482244674009018,0.35108375948749765,0.33394868474841694,0.13862214366105147,0.16889489896631094,-0.027107123773111155,0.17187042926080778,0.23172600859210804,0.11212225197271246,0.19261283805408777,0.21142836571710008,1.0,0.1354914769528821,-0.015976053194900492,0.05980015213118558,0.13902454408994205,0.21787937427772494,0.20374455628053054,0.2678418190317774,0.10960609306709472,-0.12416448129376143,0.5911931264014374,0.12506518899766703,0.3222961634521563,0.585168947501984,0.3094991949468291,0.369801450811849,0.45242966427083037,0.05450044118328683,0.5010599261915583,0.053266605992136555,0.28032902227177353,0.42339646702958605,0.26900896606093927,-0.09438664222239762,0.14081777746142243,-0.31059295055383374,0.4160002609477513,0.3944154730317393,0.18817732947344645,0.3189125197834333,-0.05420979130695487,0.09637333809113113,0.33727195460672116,-0.019190118935078788,0.21923714954105716,0.33401283454332387,0.10157169828499715,0.043177319976000404,-0.03611686875031842,0.37274398146775484,0.022853246487086948,-0.02836254934722599,0.5494132265996354,0.17165210485519475,-0.02409087923047929,-0.13338309840402707,0.17003731362764407,-0.08777386423253543,0.6306302054081618,0.3572674159947371,0.21553219011099567,-0.062335327040067764,-0.015140894311218726,0.31389183470236,0.15183370389519965,0.21695086923843573,0.32056560808791257,0.32941121504877113,0.5036150315419549,0.336735061568288,0.06450485859563661,0.32535638599979805,0.16136874998446238,0.04876208301538832,0.2967246460669753,-0.34207602861373665,0.24014826106670092,0.04804849752965849,0.10656505164465456,0.09654404782081732,0.3654163951569272,0.2369497588438702,0.1885922074975164,0.22090790759816292,0.16108761071340955,0.08942958273708251,0.5021858697990231,0.4548856108105317,0.0928206265929157,-0.030977124376953147,-0.1462038036314237,-0.011392726125636403,0.5429323204492204,0.4657510656082791,0.1359325399025769,0.3145562158247021,-0.0758400695899821,0.09625597709589838,0.31696626252537685,-0.17505209908597752,0.25262734876530585,0.017514216098479567,0.36784414070419796,0.10737399432988823,0.032935789364897654,0.5111525898333822,0.5246602495465997,-0.010077562402916827,-0.14788302153674746,0.19904469659229754,0.4727466654659854,0.21211829749762406,0.6812239855664076,0.14408860029376594,0.014719140007014136,0.4604305061286903,0.16132679021253019,0.23093511640794348,0.1587318658470466,0.33955727931916146
0.11507449253735647,-0.08490770785781665,0.014778873924820426,0.4540538320884582,-0.005313891023055764,0.1972641496958806,0.02450364525914144,0.07827863115678314,0.3569633834218759,0.23257172854298488,0.12815009742879765,0.02305836827716573,0.10483283695045124,0.04357000089260213,0.44792223811368975,0.04823482557700378,0.08781980479984153,0.33783060445007973,0.030349435616891095,0.08650709420993873,0.36883441312973353,0.12720782254147317,0.30082176727016324,0.11403857850741365,0.09123462348455293,0.08373751817575231,0.29696814384240694,0.30830329883505075,0.13736668405655103,0.10949117101712132,0.0924010849276955,0.06943149600468003,0.18306600251902028,-0.06875575137581717,0.23700400306622496,0.4728067155397543,0.37694217156136167,0.13559963647719342,-0.04613065335665744,0.22921842854599497,0.37046314815289016,0.315740805330744,0.04193639035187719,-0.05994959139256099,0.32181177398466043,-0.0059227405372230734,0.36301686161085345,0.3692432075991979,0.05352436386623161,0.05947916471605004,-0.08607135898527106,0.13023600986399833,0.36914099174843473,0.057002650079532945,0.23746823756646715,0.003989115421828326,0.2837407418478282,0.04085801901837514,0.10890894124175865,0.2020862806621966,-0.041214731299855624,0.04352228902959711,0.2745470868575957,0.10937195975702108,0.19962064781264063,0.25302837841442466,0.3392217277317071,0.47356096848565854,0.21212575421703916,0.2636050239048038,0.24021121492244427,0.16068666217645095,0.07632930733556685,0.15375441018544217,0.05229193234624053,0.32471293174192206,0.1476125134844358,0.4165517706575491,0.36459858631253744,0.3455762521337848,-0.01812136114762277,-0.046196452179375964,0.3860887072087192,0.28048617901614453,0.10197032453708967,0.054679708492855375,0.18897533371401617,0.08175984333928543,0.1711773014878888,0.1728710852683081,0.1354914769528821,0.9999999999999999,0.21622523600466106,0.2826991901176883,0.034724119466207015,0.226289138470624,-0.08800586988923619,0.06916524063543805,0.06706354008081163,0.17683715602021222,-0.027769829153968032,0.02748700398103835,0.4108446324327975,-0.054904981795132465,0.26877509911309017,0.06580586448649708,0.2836981373856945,-0.05045483695139453,0.06809241535558194,0.4257124904681881,0.34205037111927367,0.36219050058925933,0.2729712518039165,-0.0411096240186561,0.010788653881216621,0.005465025040617927,0.027525798030164902,0.3367217329777438,0.2639695111871032,0.23739647380387388,0.2987484281981989,0.20835615005020186,0.4470506983360378,0.32318913822130446,0.12054306809018052,0.0649648862872506,0.022997235724059626,0.21793484022337367,0.3694453935656235,0.4907322157182869,0.01836538796893081,-0.03506554242665722,-0.07292621729368114,0.47441535169911575,0.0742445506922765,-0.1876111726311406,0.4926031451795457,0.1950648547887644,0.09134153106872683,-0.08285274383288557,0.012568116621048694,-0.026724926007748884,0.12242487902464162,0.08682895445355389,0.3558793274255003,0.1895070368124993,-0.01259718552217621,0.4127877084767952,0.0666026781523427,-0.08548320896016204,0.16955910928447426,0.40399352181321135,0.14739416997913748,0.12254274904545825,0.46379358406031757,0.132104148855652,0.22748239609397092,0.05173171429806176,0.21475801801879538,-0.12172272483335442,0.15442518847193967,0.4289536695424578,0.049128485472544274,0.15080612437337335,0.11993668349301954,0.042108056248464476,0.11915187525792882,0.08093401283466534,0.18841233846815467,0.07636052261335766,0.015165779302166128,0.2124561000396128,0.018896766650490233,-0.09904304926013009,0.039997506941535636,0.19959252345605577,0.22599718708047664,0.566859909217004,0.23080971714436613,0.1030020715511242,0.10620501171261193,0.2140313516757141,-0.09806297916650357,0.1966341945471213,0.34530560330258075,0.08822060123893347,0.11638678325074879,-0.004082426106442018,0.038016907600184766,0.4345519005637,-0.08389355892399554,0.38161616648938396,0.10903018635560076,0.34994251174672486,-0.09723051188759169,0.19011289063181488,0.1869208365527119,0.3438208787053524,0.3009431890879479,0.3335501508332785
0.2198264313904145,0.0665932068264235,0.03267780550365511,0.18274103310503162,0.15236850573888336,0.36561107784645397,0.3785985885713649,0.05035018705121833,0.14688365899005712,0.21518748974214222,0.10034202157457242,0.31548184905311205,0.04340863788794037,-0.10836123907937285,0.07459101395578109,0.2839023745529738,0.5177858760350129,0.260283144494844,0.014574858920632804,-0.0325528416368266,0.12124891705238268,0.23998000683028986,0.3843925202662815,0.11061109943454023,0.3107097720843635,0.1807437859137005,-0.22524548131240643,0.14688052541805185,0.21981543633710338,0.11880104798605395,0.5074418687226434,0.10221611392280477,0.15735974763291305,0.23422711459687018,0.0896599452669964,0.27522702653204895,0.14028749126943155,0.2643545444139469,0.14556317467276683,0.18889978559850848,0.37574583104134196,0.4352429917552678,-0.05157515156242268,0.11074437403114806,0.21776161748562958,0.20287986289675253,0.22162698305855097,0.3422492339341377,0.1226110209712246,0.34813952538252946,-0.10304701167756071,0.17088230959898978,0.2887530643172878,0.013463499094187785,0.11032288254525206,0.0013426453293064696,0.14800127157360266,0.06272382831145301,0.2454052235586089,0.18511324897537904,0.24142193896418945,0.3450657100013929,0.24072429350777477,0.5545321881910527,0.34283089815164086,0.16100134045715064,0.21306777150759126,0.03989594485665571,-0.048902089654370706,0.1298274589843452,0.2469506113392774,-0.11460897159760097,0.07373456982308875,-0.06915689537317225,0.39716692858572505,0.3473493869216843,0.15246603065733716,0.024611290237627082,0.2936533336781773,0.45195000174354455,0.07125625600274298,0.16813226998739692,0.10552769184571177,-0.08633476938921292,0.10255306245494898,0.020973230368509104,0.14962842449779815,0.14996941472310288,0.0867408106187567,0.04443020528554254,-0.01597605319490049,0.21622523600466106,1.0,0.1270911801956936,0.30650519260829234,0.12319023014367572,0.05474982181236958,0.2889055584778176,0.23226753525832164,0.3430445097805319,-0.02717269836899223,0.06195440337729566,0.17364595671239935,-0.056384808837095256,-0.03812849928139093,0.2064365799288317,-0.07360302105282951,-0.10458035846247275,0.016407585751302092,0.1677602625608492,0.3654507896907111,-0.12869475440803116,0.48662121745111536,0.30337884669295234,0.2907693064934051,0.11799447047667376,0.053352532467095856,0.45232695333269723,0.16627581084392787,0.3663980152301113,0.1430446777626768,0.09809637829198957,0.18008900257657603,0.31332208191431693,0.08433128435643464,-0.018156391554544404,0.4731389926457379,0.03750201538748338,-0.003276809599838104,0.1639373879546861,0.030297038782565434,0.4807176933888084,-0.03057723266327342,0.20975269423641227,0.026724208754389852,0.44802241268720366,0.12583273377322576,0.05465860499481023,0.24549460560196265,-0.13891909606976047,-0.04795576966608097,-0.05742286040798248,0.4057046190961657,0.1285407995666607,-0.10357499419839777,0.17983595398517166,0.1416614297278194,0.09361162616043203,0.23460231056803274,-0.12204798405967374,0.08266861454329567,0.27356334788163805,-0.16820664940648358,0.09434853898047607,0.12246272466198035,0.4846437465202824,0.25562462047470474,0.11859079749176138,0.3333047275428523,0.031146784299709785,0.30014497794974543,0.1753357371737765,0.4738621180006182,0.48900926702439856,0.029838979969805692,0.4227820580491296,0.14909183974427637,0.08819689638552468,0.21858649396693752,0.16126491715409133,0.38351678745876255,0.19426681294322462,0.003558238241742914,0.01622241729275632,0.16468107862772477,0.18180825837045658,0.13107196559412335,0.2574609608988765,0.009869045549277816,0.5236711004224999,0.24273086733272106,0.04338616801981232,0.19739685768496879,0.06608694539887659,0.1867304196984455,0.25770323353162006,0.20932104403514945,0.23104778570433546,0.057752144242549555,0.29515522175096753,0.08569804097392153,0.31387749689805705,0.14040884956504704,0.2604954542589178,0.13551104136820008,-0.17383655206367252,0.12941153562151017,0.11125066166687173,0.27384114667102294,0.20436175266856235
0.2652906950999869,-0.09615773861765757,-0.0805285752273322,0.3130547728542229,-0.13725620882171644,0.1073149289765742,0.0522493004633117,0.35845522881415504,0.2575258613349523,0.29885235602370974,0.07125057547044665,0.10539474355618124,0.30405766046102817,-0.043054889554431076,0.468519135614117,-0.019385438724010693,0.2571751894300865,0.476891257043831,-0.10231687560539668,0.2886791727072649,0.23350929961474556,0.05529585185126944,-0.019843882345676737,0.3617212096614436,0.35309866107741833,0.20571796747258853,0.018337200535672813,0.32007447365248887,-0.03080099503068127,0.08842567126590178,0.1623846959220977,-0.18602516968720015,0.39281719057656594,-0.008192067298949291,0.2531274916129224,0.3849908565967195,0.13029488998826722,0.1907322461165912,0.12410941375270701,0.2182595181222161,0.17813928753183972,0.1754607929586364,0.042925347223584175,0.17901544026545915,0.38852858301941856,-0.12850925557789727,0.5637305811580272,0.25115266518837165,0.06817959309114958,0.15933059231418692,-0.20298082597921502,0.24412804654475953,0.450304493157653,0.1891277148383119,0.3340920368565468,-0.03830912822640682,0.18114860636680788,-0.04641956537462366,0.4192721833289928,0.2073319443629141,-0.12089147497519384,-0.05641228995693647,0.1577158152778686,0.19358133051721274,0.13790377238180695,0.33535858303789035,0.4172347924295066,0.20472349187498892,0.17540262102398738,0.1742499707231306,0.42511744913099303,-0.026195519366968005,0.08598635164017701,0.0864843191951698,0.1518026708322339,0.3195753179668609,0.15148107691806065,-0.010942700919528862,0.3907034784746754,0.3713293766252848,-0.014655588358698254,-0.05935839349403329,0.4359389513366999,0.47169990651495575,0.18971535003373965,-0.04517435075560195,-0.0032102431750068547,0.030270898771689307,0.1800134336401064,0.1400395390750854,0.059800152131185585,0.2826991901176883,0.1270911801956936,1.0,-0.06975313314309654,0.35030077894975514,-0.08417980267362388,0.16531684169335623,0.016643158096162396,0.13808353744019672,0.03850137665912562,0.15908555985945955,0.1024561837920627,-0.14796291162220193,0.1222559987689937,-0.0038259348966392633,0.23125780043853306,0.21546001288541766,-0.05894087573855602,0.3321476599498951,0.20537043066214167,0.26316981932143074,0.3809694255184939,-0.08377630986926565,0.27942529043376835,0.07803662608711193,0.019942728224803336,0.28510347239586487,0.40606661304238795,0.09983235039365837,0.220082294582262,0.18280289877370948,0.3801901901318607,0.3585750733185249,0.26236298366343197,0.02617528631679248,0.012659323618981628,0.3878990417905417,0.2998664247523746,0.3529624320993241,0.1676699396356753,0.03289547324199502,-0.18755256818127314,0.3709713170783222,0.46439885971905137,-0.11620715067989937,0.3876427012086275,0.29412673639126363,-0.06853250712084688,-0.022995521064127222,-0.06264418143368634,0.15242237106488576,0.20866054593079839,0.22978837642943095,-0.15168572345492431,0.28335305267232325,-0.07569162841956288,0.43248298082586106,0.16685973564603834,-0.005513644384257403,0.16099928300015098,0.26045658006364125,0.15901774235897087,0.27834411573626494,0.04959856057308773,-0.015754164023420628,0.1131547172202546,0.2118150535351817,0.26552390938944564,-0.1947764716180677,0.33068714609195826,0.20721966635820108,0.0671565669058547,0.25419444535201363,-0.015778107563873878,-0.03172405696784742,0.07936984839414964,0.3347204299587213,0.11996437604137435,0.10464270020391127,0.06941782842201599,0.14162127637787747,0.062502742855128,-0.1505201524094977,0.24335842020826756,0.37174036828783646,0.23708734097708545,0.4280185401438682,0.047093025734948224,0.12472712261364252,-0.2024007172324663,0.2334000716439561,-0.005164561649816361,0.34785379548166373,0.3331577262474092,0.09936840779533195,0.23610896117306338,0.245200726233935,0.0027194842775212363,0.23567062548326037,-0.20581117112179761,0.3943921815321975,0.008114914200832359,0.3308073683659623,0.13691582351403833,0.22858781216762736,0.3458732778482649,0.20784038948789382,0.06503493721312452,0.304023438070621
-0.23960636558660842,0.5521543963911187,0.14883344582513997,-0.06111156290719118,0.28828422668582837,0.3898695086444772,0.6292103151346462,-0.2525778860442071,-0.17288104768936313,0.2132865780012113,0.3538382545907088,0.044476360352067694,-0.035591452099681405,0.42622219153635604,0.02154365145222958,0.23818606499989056,0.09080933803679866,-0.09914013536001177,0.11695645861622575,-0.2532051293183525,0.031203542604980122,0.2681758933749484,0.6922411496621679,-0.1022789198866612,-0.06578959879492474,-0.23190572113812566,-0.01816251245072981,0.005905128924311579,0.10608665995649223,0.3094563554427434,-0.20120413370540555,0.31431100398467604,-0.23389384420477516,0.36467910610175097,-0.17525853624694493,-0.022515426245386907,0.2392476949634979,0.20543567132623514,0.38483842657610107,0.03652152820557582,0.12163384982548733,0.37915677726912284,0.1513085978210783,-0.013727708405421521,0.013319001601080115,0.4678552911682959,0.13392670408299154,0.025671342906952527,0.548683490302488,0.30075535976735174,0.32698811546146367,0.33326683001836555,0.09958461988066873,-0.22304171558826077,0.04310016215663911,0.29914148002662405,0.16391647915132962,0.2920458726383573,-0.23668824500728933,0.15523604477714495,0.668345706406087,0.3095066147022519,0.0408397973383945,0.04864838772787892,0.04290206934665392,-0.05911506081858232,-0.01876412392929308,-0.15725897398591465,0.02101765302882232,0.08419779655877704,-0.32222164983745416,0.426196989257554,0.20180771567989642,0.29106597689785085,0.42678993596860926,0.20129246923752567,0.2556546408811165,0.15057014582849543,-0.026061343065099836,0.11392078115237979,0.0276489404898468,0.5911282724646649,-0.25283558582168747,0.25621169059934173,-0.31853686275487886,0.12408984753936561,0.1676335963307914,0.12634524028957192,-0.14360849467204187,0.0918636236837105,0.13902454408994203,0.034724119466207015,0.30650519260829234,-0.06975313314309654,0.9999999999999999,-0.03652581363168992,0.5361459341353813,0.10063061078666825,0.6167396009544646,0.017251752760142815,0.2466914521591729,-0.2861637960665708,0.19702748047617943,0.5111087026058134,-0.0536744188261227,0.5942216897923001,0.18172115304051797,-0.24857691915930857,0.32426574942094577,-0.11943790193158026,0.23565249586630174,-0.09741902315923906,0.42908811135138303,0.5186245881560914,0.044997098283234796,-0.021604024686764867,0.25256117074069684,0.10428675589358824,-0.1599063443497189,0.19107793949397084,0.06649941633042379,0.1374432370757939,0.026368560942521737,0.07395745482275483,0.027262451637911,0.2100563092323874,0.6010255758652138,-0.42720762127419515,-0.15494701964877491,0.19112531096912344,-0.22634207632241088,-0.15635213707016166,0.39256758889852345,0.0033616124381115596,-0.020679558295638677,0.30856152546423565,-0.26689228642317037,-0.453927809346427,0.4508765662215641,0.18117184826246352,0.28303748835522125,-0.36113710476682176,-0.1519575671471124,-0.11419255307075014,0.15668957414238632,0.053501592877266836,0.10298931102462167,0.11352316511840271,0.3749763274840533,0.29327034645712113,0.2457198739215704,-0.05945824453055967,0.24733292643582883,-0.12317630485357678,0.17681465908843574,0.13748152446846304,-0.019079032518299052,-0.19000396633577432,-0.13553342960844028,0.1542132092742746,0.27458441386124527,0.05235159583944101,0.20297135222635554,0.2676178426492798,0.05632195905193548,0.5538132092686181,0.2066169750932667,-0.194518313243997,0.5011058325246801,-0.31653945607816264,0.2443035929924876,-0.1899724620446911,0.3442637672302497,0.5088212607815308,-0.10659983010710664,-0.08176149326945112,-0.36011167545235245,-0.01367499813435871,-0.03134605720751359,-0.08383297782697596,0.26055297278421186,0.15337753766431605,0.5623889643672305,-0.04305820643428372,0.022303797961980898,0.43656464668565403,0.3157524510525979,-0.015935874446617124,-0.04088211750155997,0.16537346703403275,0.7270279368709903,0.06943536222720298,0.2638088154148,0.10923617505792749,-0.14726331571768644,-0.16136629022265517,-0.12501946383574153,0.028742801260983514,0.2541065781935683,-0.014714839350322237
0.36084762850570284,-0.08335625759342527,0.11164496528455088,0.1965365604199677,0.20059257806999317,0.12151411802641361,-0.025645441610198553,0.6149938363455805,0.3046835524607868,0.34401734581140037,0.1743004689391062,0.14939358534998998,0.3690907626336216,0.048479337644319276,0.36876625322296686,0.0741591483271236,0.2069713537905226,0.3827882216747247,0.07066840650479446,0.19763759679795787,0.25165267330527286,0.3308332585628225,0.027067500353280028,0.5580422374335207,0.2690748120493426,0.2806316410193715,0.11108936180214021,0.30520767838834506,0.176662204801984,0.04721083973013994,0.23109622554752166,-0.03788833903172731,0.39321115747943086,0.057582097133276625,0.45064769204488503,0.278376647606861,0.1846504230617755,0.11902796502619412,-0.01984469873750337,0.3870023297315646,0.3809464565038517,0.2038427360797421,0.19053660638152164,0.20926931636485802,0.41741537288354497,0.054950804094579433,0.18762524724187263,0.2649451599095658,0.15701628443226545,0.25958827444291077,0.2292019559317211,0.13691237102306789,0.19287881300880097,0.2141533815198644,0.4616565445540966,-0.19889264361804204,0.22553096314422585,0.20517273425983784,0.34638146521711716,0.24649003196299793,-0.1315584104145634,0.042484785224852224,0.09695446304252128,0.04400418015485634,0.16278862017559131,0.46587195728617475,0.4271620088722794,0.0646755838584535,0.12330833314832862,0.22505438657481452,0.2596287605372457,0.11947348443851376,0.08893915028775606,0.09518163879804271,0.17522188695159394,0.3675470378978714,0.06779120847843659,0.08608289345653175,0.4786432627779964,0.322385688579263,0.07835494444282756,-0.06472613454912486,0.3747310749290848,0.1276333161995692,0.43536972360438403,-0.04774508778873358,0.017413928991426006,0.2255193841140359,0.32093265107475905,0.2914865916184057,0.21787937427772494,0.226289138470624,0.12319023014367571,0.3503007789497552,-0.03652581363168992,1.0,0.010355987372136267,0.4903871142271863,-0.01789441227904702,0.2970172942334313,0.18844562952799107,0.26475696924507874,0.21257579302599502,0.08192446903134752,0.20088100761890848,0.24208660488681746,0.09204862487566916,0.1652946983766448,0.16733998577460127,0.4046811189847829,0.21673785195522996,0.30231363151357216,0.21552996972264318,-0.09575275732910699,0.19304503636582823,0.1946100116452854,-0.035730325345508004,0.29496180186555016,0.3790127061655043,0.1694078457201353,0.365699926453171,0.08712582582208193,0.33756902620928286,0.19795272388586838,0.2313007035951001,0.050781128541938204,0.10309763678814919,0.37413152229127145,0.027174255545396535,0.1378936467356977,0.23489669175296027,0.0793330929564972,0.03741845925320813,0.19070903226972286,0.22924120330950726,-0.1975116052879836,0.3415182534296771,0.2954977620524359,0.12620378463933035,0.0068542557051357,-0.15078148160636845,0.2551103185135028,0.35751514166217707,0.17382669763663916,-0.1011056891985151,0.5128921383059458,-0.011403405674476346,0.18860630523075872,0.30654188526619286,-0.13154527311593964,0.14183217860301656,0.25145939860935945,0.2004672875182201,0.36808196720179465,0.13027810830219683,0.08523596430547399,0.5125609201616442,0.39220779411365936,0.30437890375235777,0.07882977926734022,0.4289973073573963,0.12949321485315854,-0.008096459641672204,0.14670643280027737,0.21473265776487305,0.007519636808028814,0.12416853586415551,0.34504266434494607,-0.0711681210200504,0.16700617307747967,0.33386724645608556,0.285776196327825,0.014198276860089369,0.0882210572787222,0.3322991654093252,0.18831900480134497,0.3678951730715777,0.3738917453163511,0.19231769333402024,0.2770329281467793,0.12054622891506776,0.2734369235175749,0.11290632437744452,0.3885602534110697,0.5223414761832297,0.1576440638833855,0.31724752269578005,0.44121476974826834,0.06407604742699345,0.0524275603771024,0.10377239365027544,0.255962347644103,0.1462548978649217,0.07840893453398766,0.0010827550640330004,0.2998487698395565,0.32289758956335285,0.20088972547186498,0.012363918807004354,0.5412987041932059
-0.02990191974463484,0.557706930548651,0.525289301829577,-0.15131646858278694,0.30861225885001414,0.2068256690616968,0.45184894572181666,-0.21792568880421184,-0.08652877197388383,0.01734245081037007,0.22606509099185593,0.08086312047195697,-0.14942874953617846,0.5585370151762372,-0.011040215487959755,0.2914720252169059,0.12719087322858855,-0.05812414695989265,0.5144608416819396,-0.1979796629454468,0.000794590000278366,0.28576922731983817,0.3748628579940259,-0.22180701988790605,-0.1588102643409114,0.089761301349649,-0.10323121692311042,0.05208828812053183,0.08058546484916741,0.25449316436128766,-0.009348722291910848,0.3892410328054771,-0.2683331195774645,0.37882018143331586,-0.22034171285114548,-0.0981461743982671,0.2589948149769792,0.09297598074813652,0.4521580412686947,0.07480268896700462,0.2560210146525238,0.10129064079947935,0.18659894449038256,-0.019348824140986716,0.042734031317101386,0.44103427738580614,-0.044224565647769415,0.23810497558465524,0.49176939511682954,0.20256027843929691,0.4366038310722266,0.1513780780493609,-0.007540663326680914,0.006384875752411307,-0.04210917664731043,0.05146427729734809,0.19470373092813376,0.5273406593270378,-0.26312612138228914,0.014122244097269334,0.4384081682493027,0.4171040030432738,-0.03923961622093657,0.07441137784710383,-0.12177746750917688,-0.2964087544933466,-0.23808865283091057,-0.08186615645480931,0.21642884018041833,0.08784781653562646,-0.3602520693140017,0.4712326256126911,0.1343728873381314,0.14023784283036617,0.24531363904373274,0.026116560309530773,0.24157177709002,0.294886833767394,-0.16134396774126386,0.009565329111987979,0.33096551378297007,0.3894931637868138,-0.2795006955938624,0.08172786787611815,0.12988048459176685,-0.008145403663826819,0.31332887681422233,0.10274335090240422,0.06852314669466712,0.05930395483432104,0.20374455628053054,-0.08800586988923619,0.054749821812369585,-0.08417980267362386,0.5361459341353811,0.010355987372136267,1.0,0.14388772598563856,0.3885203326451064,0.2782138993533844,0.25891285297544064,0.07094001119084548,0.38561334596923297,0.4609801691992509,0.27653271832948745,0.6069560783234571,0.2294084508279889,-0.028197631866402995,0.5604237462830646,-0.15466737950089793,-0.0776017751897606,-0.09717939054587059,0.1674032745950746,0.6366599397354585,0.04588551823839264,-0.21153236650332458,0.28057213525391067,-0.05470693068932685,-0.25383655989460985,0.1399733145038738,-0.2586944509057833,0.4688094112631799,0.012121044107097913,-0.11378936207281377,-0.24400436369370182,0.21398063293552555,0.46616811479397685,-0.3226460082573879,-0.12517250291646112,0.049687905916330335,0.1726126806210951,0.06321165419779641,0.29303490920136127,-0.1412344616158115,-0.02211394526257038,0.38198824397635933,-0.22090936940261804,-0.09206590174459749,0.4503050451876364,0.2826185215721157,0.36058845468013007,0.019833883037837015,0.015311050066373351,-0.06447291062567008,0.16538928944659856,-0.1378998717081145,0.2769302474928887,-0.06591842762750669,0.17820838245649923,0.46817853111710184,-0.018961509654996673,-0.10757854608373843,0.3023635543844982,-0.2824010633365603,0.2125573754988534,-0.01845412718161189,-0.032578072139948094,0.12178382249958766,0.12146453985023652,0.1883407555754334,0.010072097518163344,0.15527808553086678,0.31806044182426824,0.0906213926853466,0.018245740890526392,0.5188512497363769,-0.079334581395783,-0.13231564654969097,0.21806887213407675,0.1545889904387943,-0.0510237431043553,0.20131253873760213,0.05748596563009318,0.6468441962742753,0.060010260065702294,-0.06511303884166385,0.00439563295981931,-0.09659687064261877,0.2660086008175468,-0.24690578632041205,0.251380227267052,-0.24447673558864036,0.3268196886343882,-0.18797508998739237,-0.05133666601008066,0.3648223611938063,0.16798453162825988,-0.11667498132296121,0.37374824311123034,0.2530242086079161,0.5248758618226617,0.01252685532453531,0.40730727293926694,0.17133581012702925,0.0944813177591822,-0.17482656770626895,0.04064750859433328,0.08040549687326508,0.3276807158666834,-0.06998730302077517
0.14769604006101808,0.2096999112339606,0.06535638467322555,0.08370355654906492,0.2964392949583616,0.28224302531780654,0.14847432117226111,0.47030836932921516,0.3574439329152209,0.2583198101707597,0.296071657548057,0.20082072409794213,0.2574282747247826,0.1635673864853731,0.09032237378905016,0.1659964817663345,0.09232418212985448,0.1821363720564442,0.12403830394075865,-0.02167593772147999,0.2250359871389493,0.14095655449290767,0.20868950854749937,0.1994608388421774,0.16705127071393894,0.25021006170383453,-0.11230648892206359,0.21461580755513435,0.20502821233306207,0.22725060795838464,0.3332829590003552,0.22254738958553077,0.09764344127314291,0.3255122610000083,0.1700798661385055,0.19526685706580127,0.18659199129301487,0.21539245706120344,0.11939908217768085,0.19786608197078068,0.3493202638228863,0.2475101998270038,0.3779949649669056,0.23456883167914563,0.1880852976576932,0.16334850545380805,0.06888777551987676,0.22531516023910997,0.3214045151044694,0.44915361644378604,0.3164854596503565,0.10478213687573916,0.23059787815726002,0.20828193951429622,0.2712917697160377,0.07143024431450226,0.4615530971983542,0.1589687566414564,0.09395878916795174,0.3797846755423277,0.19755969645793323,0.08159315079615877,0.22256529087432747,0.04135832524074552,0.2482652944261664,0.16597358658365463,0.030938771504383,-0.0038394565508100345,0.07514290528263022,0.24319023038047946,0.1794061933291885,0.2753346205824453,0.40417135979438035,0.327450577627754,0.2269249763674658,0.35523736579994636,0.23546572708600577,0.15711256910380048,0.3078441546367193,0.43192105262865826,0.14476933662410063,0.2143486658478369,0.12120617789525204,0.09771689845075955,0.22121665067680274,-0.03720211111487738,0.001844816552842332,0.7356231551599791,0.15443721654242548,0.37093397354992785,0.2678418190317774,0.06916524063543805,0.2889055584778176,0.16531684169335625,0.10063061078666825,0.4903871142271862,0.14388772598563856,1.0,0.23040387967827397,0.2121056016224313,0.3024924705742119,0.26018002040052357,0.23274698261555854,0.30126807548862616,0.11538865295528515,0.26488944778558526,0.20689327541818928,0.11239542958664687,0.2664559282726134,0.18634031202809503,0.36532713525884236,0.08390096756994596,0.13558071586262266,0.13869938319949462,0.10032128440732997,0.09471164376251451,0.24756672109202496,0.4106979612388045,0.1985663313661995,0.12526415866931814,0.14156742909567213,0.1701952050326571,0.30237826161395387,0.04248322120624774,0.14399468858111075,0.13272312515865997,0.1131466395616648,-0.04110076931447872,0.07340533637562628,0.099488116075998,0.07013006274634696,0.14862748962799846,0.33838808472809156,0.29529924135156765,0.18714279703285155,0.10916434189357309,0.16488023659569767,0.17510850404703687,0.22587045609495196,-0.09198576725609726,0.09857384015498975,0.22693221224925278,0.1749474862683181,0.1877465293549545,0.026799068081582163,0.261945973158825,0.13721315536372777,-0.02137992092539106,0.36408720008593354,0.11250638227011169,0.2670724110403526,0.31240895147649056,0.23956286299166532,0.5130912607849092,0.10392243209842514,0.2007656562166867,0.6080435889339044,0.17005384379128935,0.2979883984245452,-0.017423548076783944,0.41240029395664773,0.20243498398290782,0.06478472154794332,0.16465269816863598,0.21642111357044624,0.03947185343753796,0.24110590206207863,0.29921143198991373,0.09322387067500358,0.1837195585281691,0.42969970381388417,0.21040364054708874,0.22493411026227542,0.20899463462730608,0.30327167520853676,0.074595100327923,0.2035860751611444,0.17573008282585853,0.2090800261257409,0.22877539333452532,0.14275422111302807,0.10767858983511407,0.22635829874814828,0.11662079061765583,0.29993791993469177,0.36908937892552934,0.3823720992902479,0.20382651370134106,0.1998288986361789,0.22402127215919965,0.24888342877908817,0.22384657737853672,0.36514787668369825,0.10330288217653508,0.07722065982053615,0.21007344733840366,0.07198705904421951,0.2561971864689529,0.28023002556637644,0.3418395341720492
-0.26512815340855184,0.5904831335784798,0.049911998672192835,0.028870915575797306,0.0643094104781887,0.20467870121872292,0.6444898391381625,-0.014731625916250716,-0.00682131445183557,0.11488697980508743,0.4572642850860369,0.03647665148492565,-0.12599135947408371,0.49442759571989026,0.17046656588806425,0.3316230651643973,0.030243256394866507,-0.1321464481683642,0.06630094067797158,-0.22587592264736947,0.05280658274568008,0.04670012357029535,0.6635961216837793,-0.17299579635154436,-0.1410073022279001,-0.2566553801664278,-0.02031451704032525,0.014117527656013472,0.004003216292618484,0.3793112270531032,-0.2756762680587799,0.4920137410396371,-0.2716375123212281,0.48159839918219927,-0.3143875364291296,-0.09621241215707872,0.053590451273331965,0.051017116519798254,0.6684073857354863,-0.15888383702160627,0.12079633930517908,0.1449672489547752,0.4725418771258589,0.000993039619461257,-0.12308186570403139,0.3453728491514749,0.19705533572048697,0.011139336908134179,0.6189450187513563,0.2004856585617915,0.2404735047004246,0.05716180384031414,0.3147456002569775,-0.19839524188852015,-0.07591074294797812,0.4081527063114844,0.22690861611335267,0.12538943866976354,-0.23320095224671805,0.17696534631852123,0.5115593798241219,0.12166163079886273,0.21829216350467487,-0.21672443382810838,-0.06334206118693024,-0.05804858472143808,-0.1461318137070007,-0.1572628870978396,0.1750976205996258,0.10322948906677297,-0.2629559417942685,0.43621275775619883,0.3277074061890247,0.5307436595266029,0.3239118334614853,0.04617849476345153,0.30580113956289107,0.2763178550694286,-0.030160158426976565,0.026552946380331056,0.016411629245045134,0.5779636391524331,-0.15400447105603254,0.22739283419939493,-0.4746003651876238,-0.08576762085023149,-0.03508659430837947,0.21678053945960213,-0.24967131992189753,0.18700652119168792,0.10960609306709472,0.06706354008081164,0.23226753525832167,0.016643158096162396,0.6167396009544646,-0.017894412279047024,0.3885203326451064,0.23040387967827397,1.0,0.053256865162164616,0.2743861858075635,-0.18299041582210743,0.34816936311650293,0.3835473494982169,-0.02773679204677446,0.5390940682050903,0.413113956408002,-0.2088288228111021,0.2908124516784334,-0.1558116655549765,0.20531343920629125,-0.029644823794244362,0.3844416550398443,0.5433348895684561,-0.04533117823064583,-0.24825453457750934,0.5305040464859322,0.13561229358975538,-0.12445910241399903,0.12932787817379995,0.04330764358291839,0.145880403056305,0.08509049139066613,0.089046680292522,-0.07990597995244475,0.1896673198597461,0.4303047629770101,-0.4429833739258151,-0.05155093863059728,0.19309934621925723,-0.23565578817086907,-0.0990499946619448,0.3507873776666967,-0.006246664138996353,0.113755685339219,0.026835535621276826,-0.2968279511750682,-0.4142514392498415,0.27086307814942423,0.030626574571771634,0.5249960711607509,-0.19031869918088662,-0.2057801318421614,-0.010878087728954992,0.35760088898695314,-0.08796250180876862,0.07758005713618005,0.03934674980529777,0.2583770965003167,0.3390549043142229,0.3397540095793055,-0.02733945473526347,0.31459080979402027,0.07311957861909386,0.0154112113473996,-0.03868076361942785,0.10178014652291381,-0.19312697140299873,-0.08061845839981334,-0.07793216337793203,0.23351563236335487,0.14254653095484265,-0.09000943408745878,0.26955135190032364,0.2952408193468775,0.4814562434362909,0.04579738357056119,-0.19111495908186013,0.5975196711834053,-0.257977937959301,0.09808202094737471,-0.2711202000548724,0.20874454083246927,0.45531399403926165,-0.11774174222994786,-0.17396270038600453,-0.2880900449299342,-0.0830651067836209,-0.06802517281790421,-0.22011742460855652,0.10292578141528679,-0.03561274630424062,0.28155279146055184,-0.05981736541622403,0.04043830480129383,0.46242250791960304,0.19043618776304605,-0.20914400981757797,0.040930648566348045,0.2676188285226301,0.4006728246934766,-0.06200965005783783,0.2674188146719424,0.21966125147837293,-0.2234171182139155,0.01081877534424267,-0.326721940299949,-0.035433071594962375,0.30027547191942483,0.0681121888815333
0.5334680785397544,-0.24399264360653902,0.19315491814247798,0.03251533546738229,-0.035791315394009565,-0.10183088952593838,-0.04433350578941923,0.025240960877784595,0.3303569411593759,0.17120622296550211,-0.17426053391711038,0.05647784705377889,-0.015991391138731683,-0.011648610357146287,0.1870879848470295,0.5792865600553142,0.4092871672628596,0.08861336131683929,0.16892349983604887,-0.020419249266860503,0.16729694725965177,0.11082040128978869,0.11277367903542243,-0.0036804392030857624,-0.0654184536681757,0.6372492085394155,-0.04084378571836761,0.17087376008893165,-0.13269202870927538,-0.004468813876593446,0.3747552880766713,0.2343480625152342,0.07082300699139904,0.24601014254501422,0.12824726658754668,0.13959731209268103,0.20327055640651817,-0.10597803073516741,0.11992164147188925,-0.10344099989289936,0.5206698451340125,-0.005996223103504252,-0.03419828941209527,0.169418695297202,0.125971042793725,0.02077036233855034,0.25940248186575804,0.29642859797679627,0.0566828233879012,0.22340873624775498,0.09116128222479114,0.14786015583160886,0.10051453981306302,0.14638562032261565,-0.0976387472607911,-0.4083478431632285,0.07011619624497216,0.09586063655520866,0.14864202573576507,0.0038608926598617875,-0.19609645319212546,0.5316709132355872,0.3412146587610677,0.2819260353816037,-0.029695201293441692,-0.0475932307683596,0.06107806031493302,0.0577419990330138,-0.021527751727961314,0.13625748984017771,0.04561407343031146,-0.03559072288242894,-0.04507644613135173,-0.10383006870822414,-0.010448173193967784,-0.012871042468325832,-0.11570513916953912,0.0758070674833976,0.08351417000518374,0.33406290800491195,0.032563781598602216,-0.198072539303273,-0.025001766710032697,-0.011995105944563223,0.553619882001354,-0.08399550652678718,0.3039603761816234,0.22077426453471588,0.05851400581262799,0.02045459851666552,-0.12416448129376143,0.1768371560202122,0.3430445097805319,0.13808353744019672,0.01725175276014282,0.2970172942334313,0.2782138993533845,0.2121056016224313,0.053256865162164616,1.0,-0.16350218250872234,0.43124183935906996,0.2713016789760284,-0.18019400318775516,0.10269997513333694,0.07676044628526622,-0.0023727239888624227,0.1493322285572553,0.24185425295306312,0.24477720486308835,0.0821260890324073,-0.06790813872017816,0.09584202412782918,0.4205859142616322,0.05947740671387344,0.06682659318657454,-0.1554603491145611,0.16730793485909545,-0.0419231156924395,0.12533906850310553,0.044307780581078385,0.3910872239608382,0.09346090665164739,0.12294565364221668,-0.08891948828029343,-0.020203301112992067,0.19447158079452834,0.03744853632742485,0.0006557842498713779,0.0860380785945538,0.47061057754123947,0.43748623111690915,-0.2099993032899944,-0.011117879631622926,0.12290486975641321,0.2964977124339574,0.183342745046247,0.33262251635423473,0.06989851199053664,-0.16167681903650094,-0.05024339402757234,0.2803462084264812,0.6462924463620991,0.11063771129313195,0.09097159965666794,0.0023721703681316383,0.025120215370791663,0.006885821459396463,-0.12904457006697995,-0.15536202860406453,-0.08721520389633637,0.04743728370264328,0.05074177671340132,0.026404388039381957,0.2735502079172572,0.41175740514816245,0.19993485795858348,0.4343239462099365,0.6347374536859752,0.13193069643863672,0.05722468886022718,0.3553959651806681,0.03954295482032433,0.30580086100801174,0.018619127762296704,0.20701326665887404,-0.29103453393377204,-0.019938100791639733,-0.03688958972777377,0.4981598611161945,0.19867789783227988,0.5750319408851184,-0.29485474058018857,0.034117985948998446,0.3114880215799173,0.028375367636834986,0.4203041144115465,0.15617052090776945,0.15967122233732037,0.35753349047303046,0.23147538189899067,-0.11323957685093133,-0.09852185959614287,-0.02147309703965444,0.1674770887571281,-0.028507128801048724,0.030815551558774155,0.05437603114873551,0.5339133833377179,0.2568468533905785,-0.15289406657756668,0.18730334959042483,-0.016541846776438173,0.24033326802813806,0.19162725600458375,-0.16551668595380445,0.0008233955820102425,0.35917999812295454,0.33843169153446273,0.004480744155053162
-0.22298008945379547,0.6651053297451314,0.14969399117039245,-0.10425682901929195,0.5487660861706918,0.32018346330464365,0.40970424979780184,0.16370383086276102,0.12680075878529692,0.27401620200885385,0.6613756441051241,0.28866686328030206,0.12549368374406722,0.3783218571520058,0.1797648126429028,-0.2718272082910396,-0.04431168015472605,0.2079735661815068,0.23529046546919913,-0.19925935353437785,0.06111633248289875,0.38927644914426646,-0.006551397141044836,-0.07242672714467348,0.2279395307903593,-0.11780290059779348,0.1993502663741676,0.20388517585862123,0.474547050847546,0.2828221943884763,-0.08257731372485028,0.3309154621486234,-0.18403042120905494,0.1569447048539649,-0.015355398098833658,0.10315710084472075,0.17863303926707721,0.29639144815348717,0.32911587383126867,0.30263369773428855,0.026432452531771906,0.19196650053139516,0.6088281698834951,-0.12182856297630673,0.14547276779090776,0.40447203112813496,-0.08497306607242533,0.19404904782526558,0.5100260967248461,0.16143864529371194,0.4346095277685734,0.2444197563638187,0.2594266284277241,-0.12768530707152442,0.11934773027528016,0.4331938511953852,0.21413612824244918,0.34545604126237633,-0.08536895269817305,0.25723063766581383,0.5310467745011609,-0.06491676408933235,-0.09046337707265935,-0.20767095984708767,-0.006397679402784984,0.0850016979610047,-0.07864630487337544,0.042995352101227534,0.21223051781306518,0.019821255111463064,0.0634517312181011,0.6392650097690201,0.41515986904141033,0.3485973243537301,0.4419205093981277,0.24870648282627056,0.45044581824583196,0.410846532661816,0.20988582045317722,0.28311032644674505,0.19860784889894542,0.5113324326676549,0.013995628908888972,0.16341108689071474,-0.11391806983798665,0.10923393870434113,0.13389783460525512,0.22228349435590614,-0.05593425066613428,0.4030845038345225,0.5911931264014374,-0.02776982915396803,-0.02717269836899223,0.03850137665912562,0.24669145215917293,0.1884456295279911,0.25891285297544064,0.3024924705742119,0.2743861858075635,-0.16350218250872237,1.0,0.0006565945434903728,0.2436060729050836,0.5738105146025639,0.12312129272675518,0.4389880270766902,0.2819325938755401,-0.09627599558593686,0.35859564871633304,0.001595702689904498,0.2463901114463214,0.11043587357382693,0.2841761570455439,0.0775101844285388,0.05819885260723164,-0.32091080531608124,0.5626656182198266,0.25560243364425095,0.09006118817193279,0.3045044609906529,-0.08023906440349188,-0.06986252195030426,0.2754137659557814,0.03437623894232256,0.13157643023821658,0.3552418831844746,0.21454476261159938,-0.13868603606659013,-0.1388711802436576,0.14728173918543294,-0.09977841230356661,-0.09164372273191337,0.6208669223606496,0.23579789016224606,0.09054980804662295,-0.14315376725025877,-0.011796979991872899,-0.220470033974676,0.4837401196091594,0.44483032311089726,0.3503341544724028,-0.1391428773147248,-0.10709070365683883,0.26948682396846574,0.25191939778563405,0.24401100613238233,0.22351631335356573,0.19057871410431615,0.44100492931621005,0.4631678634373315,-0.019158983030498615,0.10135831165694623,0.3227049791447151,0.0513682461005557,0.11383886204230657,-0.3006538446570471,0.06768619142179567,0.03051027849256625,-0.08556628492808763,0.03515916485237808,0.23207979846321175,0.04661774770039431,0.08416373045854328,0.12267072174848694,0.16090123095718037,0.22402889807057502,0.25503355604084377,0.20474019689049605,0.10591387500992562,-0.22619078395948783,-0.04705594034502193,-0.21056854846008088,0.5829222742743456,0.5209436145765322,0.013312174402807778,0.284741110401265,-0.1362804144652842,0.12468077454501435,0.08914845516165254,-0.2607930503133207,0.2570419531537299,-0.03431750138135885,0.2861619258335268,0.0842342226516405,0.1515611515927709,0.5196495452507104,0.4464797051141509,-0.1090664658182646,-0.23447155981656487,0.03543562691994009,0.5255059236657859,0.10601860932307144,0.6137223880937752,0.11974102810900596,-0.074269593755401,0.3884728546392886,-0.08658122943863705,0.11270804749172603,0.05377040591075774,0.18810872349553068
0.6275444000478768,-0.13222245159986015,-0.0026949449188082377,-0.0026130915862926755,0.030270405487338073,-0.24690017638445416,-0.13184314395200636,0.24280591742094795,0.32588121500246314,0.08066812150837632,-0.0334426256169656,0.14144296213959232,0.20384419070684043,-0.1573421510358444,0.16983468742924215,0.08285044084723131,0.31379843112432,0.09380258111684617,0.02855052978845826,0.06769669252224475,-0.02250656916188975,0.0696923940477263,-0.12871989990674115,-0.011585713263107943,0.023194878434640125,0.7793020081861687,-0.1631915523299034,-0.06257631036926965,-0.04758682176518073,-0.16274988148801411,0.46014640148781083,0.11838341639004128,0.060060605395244424,0.12286698061399172,0.06438770122513596,0.07772594038204324,0.1082876790927435,-0.1977482879425004,0.07021594966047053,0.06715341881148316,0.23078857006142028,0.013532597364250228,0.12313227723559024,0.3758047960733013,0.06857600895735518,-0.12189055526577716,0.11752035703299872,0.24433278482875984,-0.0009050345565242838,0.2646466725943815,0.09243356285126454,-0.02855673518658263,0.12352781765113113,0.3654402611249976,0.08680433684574913,-0.2731230899916161,0.061780452170432314,0.007982321990676217,0.2228276778415586,-0.09235927182791014,-0.3138901994147215,-0.16579625111743937,-0.045990089671003355,0.14201817730193808,-0.13912816468311615,-0.06820806041159419,-0.020658207426358814,0.1136795220650323,0.11140736791448902,0.2452349822557585,0.09888414108665144,-0.014231664319658091,0.15334265126230007,-0.11011141379970923,-0.10225548831991585,-0.11521934906149331,-0.026163469439841144,0.05967283566830665,0.026365404363223183,0.22283675725669502,0.07155278825887447,-0.20299478796276987,0.1304179741364572,-0.001177571585271955,0.5865021569864494,-0.17626038223586274,0.07027881860164065,0.13538133014588224,0.20274522574004225,0.14853126448993365,0.12506518899766703,0.02748700398103835,0.06195440337729566,0.15908555985945955,-0.2861637960665708,0.2647569692450788,0.07094001119084548,0.26018002040052357,-0.18299041582210746,0.43124183935906996,0.0006565945434903728,1.0,0.10510215291410364,-0.12752827771586836,0.1754408865430161,-0.1298318791139968,-0.04496925382527652,0.33319754691625225,0.18322036056696916,0.07129966986651431,-0.005943738175069024,-0.13216938090251407,0.0671833534173397,0.14786971309551653,0.2754352447173495,-0.1559040140133125,-0.07320670692793305,0.06050505535791311,0.05380155685803348,-0.06528712132956878,0.013366363294004315,0.16004674527795984,0.044361276194079556,0.02669009417846922,-0.12114158769604663,0.06418960799783818,-0.1403503283960161,0.08114498610438571,-0.13674837051482316,0.007366574767123929,0.8212698319464622,0.5474367164157588,-0.08717370996555866,-0.08658810317750211,0.006332118552302875,0.007751554133440031,0.11771836254960397,0.5683023212796693,0.03425441598288429,-0.05759885008710002,-0.04308254935932699,0.4900752692638508,0.4579137362402214,0.2245029948286169,-0.04910239317637152,-0.09056719197528819,0.018923089749644764,0.0004526161144103467,0.09723357882065264,-0.19186723322134233,-0.11038566739233756,0.01729070008698591,-0.02510208960220726,0.11701480243679346,0.1412428759086473,0.2013729183599189,0.20544260726415609,0.7007227839339363,0.7592179344695291,0.10530897976391015,0.12076930906464461,0.2444325052017251,-0.16264979218109907,0.06111759213444482,0.019696709193152327,-0.05879834901566317,-0.027419913106512726,0.23200434467623682,-0.07999634666058456,0.7471058416228562,0.08015377968238087,0.5067172549052092,-0.0935547644569646,-0.11899079996603606,0.8428451216874647,0.1452432572953532,0.5496389871609514,0.09885419701318292,0.26501127016621623,0.19542875606301877,-0.0562440217163626,-0.09393323140145184,-0.11358180320183545,0.09713570508765436,-0.03248885904413108,-0.04073821720559213,0.19196919925764414,0.10382722295709489,0.3501598335115155,0.11141171815381651,-0.29161824149374377,0.3735756820738413,0.15851126525433876,0.2205365057939566,0.2692204565363081,0.11110572702758026,-0.016970827197724286,0.09963832403356467,0.13480804202398472,0.01556064344782121
0.02728284038023316,0.30753975614683526,0.2870507611019735,0.1701634771751696,0.30170858472421963,0.3077491446935035,0.2201172581283755,0.07071587336623696,0.2754618893226635,0.3261997137064561,0.33542217489077797,0.11855043055645038,0.0799243759934964,0.2694107632131188,0.4695441566710788,0.19116345890209294,-0.055333634334706824,0.29266104977846563,0.2853637400460712,0.008627955616057146,0.10876807568692205,0.2914758561978661,0.3017189402369557,-0.029830496446515902,0.002994498974019453,0.06159173953255065,-0.05121050624089332,0.40611907871082165,0.15729409543153658,0.37528676802249195,0.058692627444889255,0.4481696635235998,0.03991108552473175,0.22777305187817085,-0.061323931581241206,0.23103551378228804,0.3413557744361871,0.2916986646450177,0.11287820263119544,0.18739876948007766,0.5383346537510898,0.2632558755299908,0.36035444278520007,-0.14724957823025672,0.20101375566687865,0.25664627696928044,0.33408140499718,0.42784598607340313,0.3159447912424231,0.1449939418686119,0.3282851192344487,-0.024224157750999488,0.26564735284770796,0.05733873989016285,0.14253201735186158,0.13345781214723768,0.36446003046641884,0.37853131618300323,-0.08762749991099472,0.20122265902320752,0.33854244076640533,0.24867498975434374,0.3397984244194934,0.020157357784999316,0.14739603545004326,-0.07982695201415112,0.07518659229049891,0.3056497017355335,0.23735463975854756,0.12925050675683067,-0.045230729510066674,0.4295851689200634,0.38396167629772704,0.2936881979908245,0.2283798124897325,0.22587041700262553,0.3075018302202447,0.5686344004920978,0.2282218464696795,0.3676278720885196,0.23543354584533202,0.2422459485627128,0.010146000205109638,0.2666204536973173,0.051073256595759696,0.15696699819113635,0.30735286465861883,0.21389554087012627,0.09155499128980996,0.1775447996114863,0.3222961634521562,0.4108446324327975,0.17364595671239932,0.1024561837920627,0.1970274804761794,0.21257579302599502,0.38561334596923297,0.23274698261555857,0.3481693631165029,0.2713016789760284,0.2436060729050836,0.10510215291410364,1.0,0.3126454493574557,0.3533527840558039,0.3267044304442418,0.30562047197776854,-0.08476419778297159,0.44498370371457274,0.1253861668365736,0.16180558379836027,0.2435204016082287,0.1491231585270442,0.19345826760742513,0.02147427840523453,-0.22203658264887083,0.36605844042602653,0.25124795516346315,-0.01738107881382509,0.2700532456557587,-0.05137953769247261,0.41779790912716097,0.5340957250431425,0.049051840677067804,-0.004896207602488926,0.273097634543204,0.2548401579136306,-0.03581731576724166,0.045412812740956716,0.4147341123564945,0.05044524020341491,0.0523504799709375,0.3536892541328976,0.3450053640578688,0.021273297402659815,0.0017473419893756397,0.06343186021503347,0.02686325144081268,0.4503537415028465,0.12966152718008267,0.3099902901335707,0.04479338069076941,0.10378411044048409,0.06915846410384871,0.3812711411931219,-0.015122391017845203,0.18210940839824238,0.3629514375762564,0.08430927207352296,0.39564902528800044,0.16894678643372887,0.376033705279509,0.26732527693370883,-0.032676938602421324,0.5211211925767545,-0.021018789972396104,0.05161017888095319,0.06573868243627795,0.2871661095490113,-0.025965962871325465,0.20831849701130978,0.5163946243891222,0.1940547985055829,0.11584622813920759,0.23933771892205147,0.1839938364458263,0.0875113068992472,0.04432731987043562,0.05886021389163505,0.11212717824254903,-0.1318968535569347,0.20809377199333198,0.234777902433224,0.35177931592403083,-0.000516791842283069,0.10610007472429454,0.19714181364777295,0.18612187978641798,0.28425956107915284,-0.20111391309185328,0.3421814270393884,0.08455541095084973,0.1435941741122577,0.019291693567862974,0.25233660227983107,0.25821376458073975,0.28622621179639346,-0.12881130083499753,0.4193197520594782,0.4105436099425267,0.2216554150605558,0.2936449973682959,0.4043624569807325,0.2746296087624314,0.0755627647811866,0.19321968172562595,0.05821610792063716,0.20048653136937314,0.456427231631382,0.27063658887887715
-0.3951138018515395,0.6856741789100897,0.32046665341618064,-0.033275237559568765,0.6836068758073535,0.4228525465436573,0.42947325397803077,0.10378746490171972,0.021592872104795182,0.25091118933368334,0.6395629741906643,0.15378036639272677,0.02556161525837233,0.4664150124772523,0.06565287789075104,-0.0959963802435328,-0.08377560406919772,0.017110781538947635,0.4329695388788919,-0.19685754323433413,0.06387134659771047,0.458421473125947,0.3594538258262566,-0.08332029956711416,0.07143854720794476,-0.26410429258496143,0.013568842752764656,0.0969101608712269,0.36031970527618745,0.17769758397906882,-0.1630364285436891,0.25526208920568855,-0.3927928235739957,0.2547688905782879,-0.1517509055024115,-0.01482466907561787,0.2660433810723564,0.2987483010023957,0.26363392837830446,0.2469365748089211,0.034633581519830155,0.23978150609356788,0.4062433684526621,-0.12095498933835856,-0.023647395936352986,0.5338586975027693,-0.10999257707642748,0.11320002890384422,0.5383428080621132,0.17555297474247913,0.6033785408923434,0.12122749220823513,0.25829433004368496,-0.012605225381654497,0.13450586079795673,0.34796151969962996,0.5816028080157144,0.5839814438799502,-0.26292146204966216,0.26146351472442314,0.6028336173069387,0.057949322148271705,-0.01840467538180568,-0.2877153364574734,-0.04437925584849511,-0.005753023440185011,-0.11902314879315488,0.05811723384431911,0.17322343074318938,0.12012299207127947,-0.027877862128617422,0.689100361537319,0.47726984544706885,0.4335432519872716,0.3418423146147266,0.22392105766729284,0.4299786582702866,0.4029248999926544,-0.01841575716510514,0.1494081615284662,0.31378062663441225,0.6348681603956247,-0.09411846390150966,0.2349108662906742,-0.22286027834264682,0.13619314822618275,0.14223900024904065,0.21541437017781062,0.09732173382970688,0.30086019347289383,0.585168947501984,-0.054904981795132465,-0.05638480883709525,-0.14796291162220193,0.5111087026058133,0.08192446903134752,0.4609801691992509,0.3012680754886261,0.3835473494982169,-0.18019400318775514,0.5738105146025639,-0.12752827771586836,0.3126454493574557,1.0,0.18938459357754847,0.545827189345688,0.21183144492444966,-0.021125495851346012,0.5900133689119128,-0.18087305148753974,0.17072819003109554,0.14170053118947973,0.16114249968200697,0.197648785631566,0.07209355584240655,-0.2194341694039798,0.570819431296902,0.22323415317137063,-0.02183878970257647,0.17518064945990564,0.050477443337499414,0.08312908453235536,0.2161854295397794,-0.0937873645551581,0.052487388844200907,0.44247685456018865,0.29955302589306143,-0.2771874998138322,-0.01790280487566776,0.10718519311522487,-0.23076678104792459,-0.20012473221236418,0.8229447032842655,-0.012404311404403005,-0.10957869843868515,-0.006049103423052722,-0.21014768531065336,-0.28165437819548156,0.6398563771097336,0.30774249475304566,0.5045550056446543,-0.17007793770783103,-0.2773364298997664,0.1994010097857725,0.19817112401682094,0.14015880943875147,0.3029276151551752,0.1301315882423769,0.46118258541303925,0.5460242803552435,0.10831345738845248,0.19385769016088153,0.2851172689630461,0.005279922472827198,0.1279993082128473,-0.3288609999400224,0.02419007683716203,-0.19077049161677187,-0.1774668813858091,0.14817954710533504,0.1899340327084419,0.1585400571573755,0.11394711864707802,0.11274752225247424,0.23760538544290954,0.2570616513659676,0.3449503188829396,0.04632066799252787,0.2725244496319427,-0.2048279729048664,0.01977541213125646,-0.0905861723257589,0.6193760824940555,0.6447188693303457,-0.07747595661587259,0.13013094706674536,-0.22456349461645905,-0.0794953283172251,0.26924076472173464,-0.2654744698067658,0.20678322844463312,-0.00546531172317013,0.5918267631778413,0.016744107992543764,0.08484039982393575,0.6115433871174074,0.48510316269704856,-0.11035932300187182,0.006762328978061204,0.16215758609982817,0.7699604241882195,0.12201404542911472,0.5229466380077751,0.003094368680503607,0.02962333960372965,0.29039816720168826,-0.1474861584673791,0.04622308138978799,0.2653965333069151,0.17236322753199984
-0.08166694072164042,0.26982596082042337,0.6343190242978703,0.5879231242247699,0.28276986041267227,0.4148081146358775,0.08792231365912889,0.15445100281301896,0.39377870318277464,0.08657170600240381,0.1794866169417179,0.2739256680941248,0.20506480179247466,0.37315131852463496,0.3993745347313449,-0.08613430644643902,0.1437189402198146,0.4552824610979497,0.5432734093923226,0.3032858787098489,0.264606298526683,0.45268920176474814,0.15490646104313413,0.21009933281865392,0.22978268986422148,0.11998907978659587,-0.0672026845520609,0.23839619962580377,0.4313307443690185,0.34878560699039524,0.12048752320316662,0.07369146110585668,0.1837791822228933,0.006347615533687088,0.2737392070150646,0.21252856746734675,0.578353614561806,0.1881241116709651,0.07526431534130079,0.43049038088499947,0.4631819780573148,0.37375083487068483,0.10115597993701839,0.06161442958962364,0.4223131836488481,0.35088144113960146,0.14527199866918702,0.6396923867219146,0.1668568324601855,0.11230203263892444,0.20201270563656173,0.23919997591782752,0.2478914564421148,0.47434406466432,0.34847981744204115,0.04778319452413775,0.24215249319139384,0.5954139349974726,0.20902018965739635,0.13925826241120304,0.10898184434260537,0.05386731301461324,-0.03201582697333482,0.05984941521510282,0.1641185013827761,0.20775020737873598,0.14064070642864862,0.6308880921756966,0.5686649686221618,0.706366077574788,0.24834339244717463,0.19701493246502302,0.24179086255894283,-0.03481540991572623,0.10677962015798356,0.5015694559215184,0.27931082804222174,0.31272243608958517,0.26052187152689443,0.1631654449031725,0.6159473636409988,0.18644986899943766,0.2971461171365203,0.0717545536529955,0.2965633985869644,0.2715450149182346,0.32563278606281576,0.024093106257684124,0.6826261202026725,0.10877302681995608,0.3094991949468291,0.26877509911309017,-0.03812849928139093,0.1222559987689937,-0.053674418826122706,0.20088100761890848,0.27653271832948745,0.11538865295528518,-0.027736792046774456,0.10269997513333694,0.12312129272675516,0.17544088654301607,0.3533527840558039,0.18938459357754844,1.0,0.14844272856958773,0.2999938091006756,0.3419361193804464,0.49389952628264167,0.20703194324866003,0.22688526155348493,0.3993896401097525,0.029061325188982003,0.10198234465412062,0.2466182966679485,-0.20413616609307428,0.22366095991921559,0.2591326607018936,0.436680839416748,0.12550601136314862,0.2067076563769928,0.2715204838215056,0.4220030493499947,0.14010309050770114,-0.032294853257306605,0.03440275123831233,0.09372649281580908,0.34019372341815507,0.2564904597946793,0.39266851560699706,0.19950611091982984,0.22595204752526135,0.20051354213947942,0.20432683332567633,0.02799350129292221,-0.0632149137158711,0.5087140458288821,0.40692785609583515,0.4044998951325053,0.19897620472004882,0.2501870674300529,0.3890464389518849,0.05250463151565306,0.3529093049207954,0.11737640174205495,0.4023254706412259,0.45689203227486047,0.27904019053165147,0.12294962425178285,0.35104808939452636,-0.03632603770252878,0.4794364417741251,0.2122229347008927,0.05865772470601785,0.4188235827451683,-0.08952864598968846,0.1505763468980948,0.2846384848375052,0.2275458879475865,0.054455104043247896,0.1922081813531906,0.41006422599985876,0.2953615214952104,0.13189815460631807,0.18879411542802096,0.19911322563493242,0.18446432783632585,0.25071713762048237,0.04640249207161501,0.3626966137544311,-0.15873777068667838,0.5224736796468079,0.020830149402140636,0.36181566131967463,0.13598237039672256,0.42109431702173133,0.4093765299151822,0.07754775550536334,0.7924071952385754,-0.15461911728733424,0.06908924641711107,-0.009107543979668488,0.18013834491012176,0.3592956524811655,0.39181536849631476,0.23739805302145536,0.28464488923021003,-0.04116464596647345,0.27061652975205097,0.5430202004436067,0.08286916360106436,0.4461695694108807,0.30124643833618353,0.49813225639574843,0.3085284229680041,0.1918027180686767,0.3591021581451649,0.3283118007846919,0.5758471222837322,0.3909356809392201
-0.20878912684931297,0.6358660929741375,0.4678924764184514,-0.05987319217534485,0.4639046682853453,0.40327401503428684,0.6383910774377152,0.034230148731406014,-0.034858409045690625,0.1735379614618829,0.43080978539198234,0.3642040084905522,-0.008110382210248065,0.6357823230511388,0.06306719174561218,0.09935494359976377,0.1307737447623617,0.08759650183396898,0.4021544801069152,-0.18191076914972204,-0.0698632273619131,0.47423294348373274,0.43946788261957853,-0.015533212572255699,0.12505255107272933,-0.12683631381034016,0.022614061026022553,0.18681585004818124,0.2663781901677308,0.2478406006486261,-0.07652932620683477,0.28268142525918705,-0.1583547570522684,0.35848499756344443,-0.21530054159026593,0.18949862594698091,0.3229872030898811,0.40857217088741843,0.5325114391256676,0.2936696586751035,0.3053472687417641,0.2722933617670136,0.257758050703747,0.02272288867962675,0.17602485098085272,0.5454146327141092,-0.04434827151146865,0.25222357187769834,0.6687357439140375,0.22341900114047825,0.460534713973799,0.15961924663594165,0.31354065731702013,-0.12447270849586481,0.11179284817360635,0.25458329365785803,0.3204739902956571,0.49058540137118284,-0.11269672331437182,0.2863622268303242,0.5390174062333705,0.34335551194539715,-0.009139151741440386,-0.030534197916216532,0.04945531736490789,0.04057259393407429,-0.1505611110981047,-0.025618347368291595,0.33653394639946105,0.05655771626431354,-0.13285193891094818,0.5396033190996943,0.1772793084022791,0.21839257108365065,0.5325440836604454,0.26081243182364694,0.4613538332746168,0.2291823889832209,-0.0638794807114525,0.20190339046950798,0.2966146461311119,0.5577920407450395,0.0759943398330594,-0.009444974720150628,-0.14915838213542695,-0.05542156307222547,0.1434589944146055,0.2067124727176148,0.032935302632483746,0.15068925005013187,0.369801450811849,0.0658058644864971,0.2064365799288317,-0.003825934896639263,0.5942216897923001,0.24208660488681746,0.6069560783234571,0.2648894477855852,0.5390940682050904,0.07676044628526621,0.4389880270766902,-0.12983187911399677,0.32670443044424174,0.545827189345688,0.14844272856958773,1.0,0.4218413444029105,-0.14751644439281603,0.5570234207336071,-0.010821363589652577,0.126487719338095,0.15277145584293386,0.4331549012077238,0.41067408725601373,0.14335103015120307,-0.18575499810113644,0.3935884737155809,0.1521208593131442,-0.04235856373873364,0.32712689332679507,0.0587184992008145,0.1818245070250142,0.16003953348682046,0.11929235663734183,-0.06436403573876699,0.19865572384714944,0.587975724514026,-0.20102060871760213,-0.14695483147134844,0.16237441934978925,-0.09088251533350838,-0.09211763354856042,0.44742086223105104,-0.00867209119899822,-0.14325580836586077,0.11199610756940392,-0.1605355509506495,-0.2726260516872367,0.5373877746922262,0.40225650328850915,0.32177183442480206,-0.14145741003145546,0.02195656001784169,0.1252836243516606,0.14665623832963806,0.20124575361135597,0.2932357515772058,-0.02348912562884528,0.5069637216349627,0.4707407785288737,0.12604754855869232,-0.016200711752807562,0.5291303396127696,0.04358656465179504,0.11800136342199113,-0.14480337537098187,0.10495536146601778,0.00851148236049388,-0.07928036273920401,0.08205810584470784,0.2210107260230267,0.1167522438969667,0.3345892784578874,0.261471446792131,0.08365660499204865,0.6027036147286089,0.18753654630059655,0.11797197893803864,0.2958663492559031,-0.17217922044097347,0.09791454381550456,-0.05556677863486113,0.27129699829469345,0.6793283976729937,0.004304378958409768,0.014817079077026275,-0.20843555418976387,-0.06440629046657348,0.11715659529783819,-0.14677728519543753,0.265308771100771,-0.21036546337572745,0.5055402901535223,-0.012560754859566576,0.15361449797294915,0.6281942406064218,0.43497777327090337,0.07355742732027974,0.06841947327722728,0.303675187969901,0.7126057636651374,-0.023833384718085434,0.5790089003829374,0.16184641311889209,0.006233305153184478,0.07750801126889711,0.1492632080555294,0.0959188864405318,0.2199310935425352,0.11835902670060588
-0.23648945902783197,0.4359353782399304,0.2489041639004828,0.4215160805630184,0.2321870781944007,0.2662763846548993,0.3148055163205469,0.023147992869383918,0.22709883136472805,0.3408682704888921,0.4504775441277172,0.3072291839427605,0.1609272341235486,0.4756584800778134,0.2805342702195391,-0.012672428707516049,-0.02545606060882103,0.128189453298161,0.293846101726777,0.09890726378612079,0.09784377466474148,0.19935760121940735,0.2676953770157771,0.07895156185129422,0.07671048234008794,-0.1527048189762757,0.11611285349217024,0.16535422957051962,0.22471226539499475,0.18577893263775277,-0.33811850484109973,0.20900168660872068,0.15394629191808382,0.24285797410226784,0.019187950339922828,0.2865352145027898,0.29084888712501034,0.22191263489740784,0.4245412843849458,0.32054973709690215,0.2621449592563319,0.254760383255325,0.21498247367574608,0.007530742977485879,0.26286742806756075,0.15920643131911372,0.19733538748088547,0.1751067341369637,0.3665919380489176,-0.010106659225708046,0.07050440028945448,0.05732107662793646,0.37880846701338067,-0.029043857016481232,0.24034805946813784,0.27332868533605503,0.1761369406487121,0.20548265628911822,0.011125938384265807,0.22605808753379747,0.20057571589815507,-0.011038785023624676,0.13604543886217746,-0.19704156840882164,0.0459341667960958,0.17392244503266477,0.01184718524345825,0.25481414309158446,0.6890400742984635,0.3903211091318056,0.09031287342788225,0.4939573855834412,0.2686719228669825,0.30893295212409533,0.37435867724736327,0.23373117943304994,0.36402830782898343,0.3514972181105508,0.07059345145931743,0.2857744941481207,0.14549438340211499,0.22155337347951748,0.3297703447272592,0.2246611866417808,-0.28570387991994745,-0.015422858468254622,0.025406525333981467,0.2416785169135096,0.08279309384823064,0.047671237903144405,0.4524296642708304,0.2836981373856945,-0.0736030210528295,0.23125780043853303,0.181721153040518,0.09204862487566916,0.2294084508279889,0.20689327541818928,0.413113956408002,-0.0023727239888624227,0.2819325938755401,-0.04496925382527652,0.30562047197776854,0.2118314449244497,0.2999938091006756,0.42184134440291043,1.0,0.03911884548475597,0.38358138448498613,0.11457909926906273,0.21303156408807616,0.3532445422906079,0.3502108449127263,0.1424042021051399,-0.05377234389571468,-0.2122559114842096,0.5021667617927142,0.23836993113702457,0.2150757892981255,0.18676830370550107,0.1530023814699872,0.17122281953721424,0.29520151533340905,0.25814563370391586,0.13703804839192515,0.21296736216775544,0.08868902898224519,0.0007572964141037091,0.23012441140556394,0.3586777047079327,-0.11695818395995061,-0.2451713298297771,0.2129552576927615,0.11950534020373829,0.16423727463418591,-0.26397048034433657,0.31624195052371684,-0.047638708336311,0.26358873567030344,0.23903487224379996,0.4029122463537673,-0.09428069084325418,-0.10785138727285591,0.2924927758240951,0.35778316825567336,0.22943700787508267,0.13772233398996858,0.12943047012015252,0.3419775964275737,0.3235971671321862,0.24728657701334356,0.12089111373549499,0.43627637097772737,0.15368357270071648,0.1309232739783597,-0.25479880444525826,0.19524267948458343,-0.08641566235149915,-0.040996846474523965,-0.23942444925194933,0.2558365590143022,0.23529208690506614,-0.019773186741632375,0.21061547534675934,0.29492882718619173,0.11835576792240766,0.28012181921547163,0.2283192182671126,0.3197830530437531,-0.22484772369051179,-0.12889545299874558,-0.1549349606232516,0.32859877035958557,0.36988106439553203,0.06502245083553994,0.016095016943750907,-0.0416434591774458,0.06598045078396325,0.1332294804413381,-0.2882784228916809,0.11928007316711224,0.06566233314209226,0.2665504902983015,0.14860276132756228,0.1732363680815835,0.34982145863980607,0.3132966860503287,-0.22850646775897016,0.06262305779182242,0.4106818198375633,0.24685718957730599,0.014150374633180533,0.4240750224017125,0.225233836825345,-0.058139167544816565,0.27061824845994237,0.03123341231664998,0.13252041542403564,0.24472706755242993,0.2414048202886481
0.19456137391172407,-0.1394941354084605,0.1652346634180469,0.1859949214210601,-0.012640680338966611,-0.19826716974248978,-0.21024686604879458,0.29814391060990186,0.28418613507469437,-0.12623896091082065,0.05398113494922752,0.04419460045310159,0.11596108046634084,-0.08002422013249978,0.18749247055622567,-0.006883541724512684,0.267084517016287,0.061795568847303486,0.1750690604765061,0.18344693840736476,-0.030610539018732907,0.10458173677834891,-0.1696868430798963,0.10164222367824521,0.13546917968568573,0.32378445342572376,-0.06696300942989705,-0.2276917564615516,0.028767201530724113,-0.03774798498472811,0.15558568565890565,-0.05431414175286311,0.10044769369622947,-0.06937678103226692,0.05246226108401812,-0.13462838620127654,0.17292320615561382,-0.06283545901069801,0.032069599541618726,0.07147145910775426,0.13994229408443207,-0.10157985955403014,-0.027600070852059122,0.4752795072165828,0.3468227819499208,-0.045817868890756466,0.05191802917731789,0.30104288054763384,0.048287453219720756,0.2491820218272257,0.032102441004426635,0.032135440251287284,-0.04874403152258425,0.7994295873465898,0.08820277612802604,-0.19978955149820762,0.12254938891025614,0.09671902088900651,0.16315237093673277,-0.00524202027026711,-0.1833436212502582,-0.06433224874567861,-0.1297812937711292,0.09066378145463341,-0.10931138017015188,-0.00823249006126696,0.1675943291048766,0.2923286223571025,0.130080888361151,0.4073884702297436,0.15223684532159473,-0.07097071514336296,0.13343795257509175,-0.1980971984016311,-0.09446299667483533,-0.10532560449035537,-0.021723436877847564,-0.08079331081222384,-0.07075763134640904,0.012905035406937054,0.2760758872099965,-0.06287644624583426,0.1934725040398678,0.09556660481864407,0.23572025934219573,-0.18634648552550873,0.1654361314829087,0.03186535446943525,0.6371133535201423,-0.06808301043757639,0.05450044118328683,-0.05045483695139452,-0.10458035846247275,0.21546001288541766,-0.24857691915930857,0.16529469837664476,-0.028197631866402995,0.11239542958664689,-0.2088288228111021,0.1493322285572553,-0.09627599558593686,0.33319754691625225,-0.08476419778297159,-0.021125495851346012,0.3419361193804464,-0.14751644439281603,0.039118845484755964,1.0,0.17294629255253477,0.14174118955035117,0.03367897761605257,0.08942103325374755,-0.13106550021968374,0.04713767522617954,0.270562582876326,-0.034348296641154165,-0.02255908943348509,0.16717171286575733,0.1953173781638026,-0.025244689140631667,-0.044735680432956976,0.01493646270479211,-0.18562455717182655,0.10770575128029038,-0.05832613533184985,0.015540230305188401,-0.16076239285691885,0.035294560742774206,-0.038374586252828684,0.07150959867415392,0.4293658072275256,0.17961051158690364,-0.055232308428913475,-0.05572652062520632,0.0418179264277228,-0.009748676183084686,0.1465055629774189,0.6255278197167535,-0.005014066091260976,0.032299048907101814,-0.028093288354408223,0.67031072000416,0.02288998570177325,0.08510012313798068,-0.06117758976036849,0.0988689440959639,0.13122596151881472,0.1423555402752186,0.048965822541211075,-0.09617697977325085,-0.13674353575444523,0.08546867223500161,0.0014633965519927285,0.21958279825977553,0.17097859374202523,0.045243845214683845,0.173619772579704,0.4320579387842384,0.3204863078052831,0.23641062842022695,0.08381575811435088,0.18093363702164456,-0.028884586916417886,0.03692098360685907,-0.02639665354722987,-0.10942582090859074,-0.10716553776491865,0.11055436246432099,-0.04418790871465675,0.46608873989835464,0.12890217019515238,0.46997762442702473,-0.10289272514330897,-0.042500862473701564,0.22658987233842703,0.13912463122693194,0.6296334732343831,-0.08288096253528279,0.43156183689550104,0.047192734055310034,-0.0887603823387166,0.03842470378382656,-0.06852729584871037,0.13363413485861772,-0.06488061424460757,0.028835051591516465,0.024577164712179897,0.09217560534768328,0.36137222214759546,0.22851441554828741,-0.18029201960627944,0.28636643766290687,0.05858665236468975,0.385039033775641,0.6049836043332699,0.14667620033786266,0.03491323411297238,0.11106982898342618,0.3090488679348381,0.13076343751672515
-0.15057403717976567,0.5291919464514325,0.6888457135015611,0.02937739356652217,0.6457405414145817,0.3593247099217029,0.3502767110231564,0.009931656421759734,0.12952208784285563,0.15516498053200384,0.3968026861104699,0.1885080913694933,-0.05594546202376537,0.6816269922896908,0.314916776638794,-0.010553157312979946,0.028845171093252034,0.1360205843530602,0.6996128317503142,-0.20819023329928774,-0.024852053101079876,0.624065635016383,0.30961565255858514,-0.15410038864213235,-0.10893650085695554,0.10289555765118016,0.05538041916151768,0.12035389783320216,0.3274145336174113,0.29305234897614485,-0.12147902787677371,0.3972869663989276,-0.27152335834434077,0.1788202791362819,-0.16806439041951896,0.1222219331770734,0.5605855114000262,0.15501407628453684,0.3761748805916027,0.2485378423144426,0.34216452143732057,0.18125906314364335,0.3681495986906279,0.019947409989777804,0.15423368972191603,0.5381743530636608,0.08375624354700519,0.3941153761103962,0.5997503167548008,0.12548667976490122,0.7480034957815958,0.2623981903171188,0.21852852641162687,0.26097055834992655,0.025057207048825785,0.03904023073230466,0.3359425482059071,0.6948581971647462,-0.21553002114349584,0.12303621646212208,0.2739458289289809,0.3619487954277735,-0.08257410544717968,-0.15598210147338334,-0.06552948258659644,-0.19428489188918,-0.18383325523016397,0.26130381371691924,0.39003844032042034,0.32384365931339804,-0.13228912543418359,0.5967009527608962,0.1720118139152617,0.09014069039044469,0.1745833600947358,0.21103171733374662,0.41580419900360444,0.4459460927708645,-0.05745014442962161,0.22293218194975814,0.5129399033595831,0.5128122834711349,-0.10561932471328872,0.015029433620788122,0.11294453231024452,0.08419490530338102,0.37944243754062035,0.2628033325415598,0.30524075295594905,0.22046125401136454,0.5010599261915583,0.06809241535558194,0.016407585751302092,-0.058940875738556026,0.32426574942094577,0.1673399857746013,0.5604237462830646,0.2664559282726134,0.2908124516784334,0.24185425295306312,0.35859564871633304,0.1832203605669692,0.44498370371457274,0.5900133689119128,0.4938995262826417,0.5570234207336071,0.38358138448498613,0.1729462925525348,1.0,-0.08849905618642304,0.18106988488649917,0.14712556268909024,0.15103009764239922,0.3455565598558965,0.09317470300531097,-0.39206192260895917,0.3778951721002314,0.11505380745966481,-0.11079618426026891,0.23888717138419915,-0.04113643809326295,0.5092344297467131,0.24447719241391414,-0.02226595340912523,-0.29452690853155805,0.2761039950232568,0.33352368695408435,-0.23408740262174016,-0.04064362523495462,0.3420820876548362,0.19678933438545845,0.043392147911594965,0.5004317474423358,-0.01352369340955953,-0.07153973942800741,0.053268928900963665,-0.019821116174128496,0.08918184184414961,0.6800667208050993,0.3139624765942786,0.358400284541617,0.25147346855849007,0.011185278112727542,0.11278731966639802,0.34638152662326577,0.07144708393944106,0.45974298252147144,0.11231265622238362,0.19747891907688464,0.3433929011714005,-0.0809273670552903,0.12791328380550634,0.4078119939609209,-0.05693475816332899,0.37298835225718663,-0.15833230457762654,0.0754635600580488,0.18844432779799755,0.19007441648246434,0.3075959427485757,0.08984819322810066,0.3867155615164147,0.1000672878036851,0.09715330727825104,0.09303069759465553,0.440907415744255,0.05647724526834497,0.03621539155438266,0.19014857230400317,0.15558652019889363,-0.1023297881674552,0.3473564204378648,0.153083643363861,0.7161938098943603,0.09749188032206549,0.177309158767325,0.12125758786039073,-0.03161799548144926,0.5744031345614525,-0.30738301797486056,0.3022170853956256,-0.19679023333575066,0.391141434465971,-0.09130957794869941,0.044322116141954096,0.5234942615908859,0.3120298052365874,-0.2170855220720745,0.37037534083863827,0.393138626057716,0.5291513473793265,0.12429209211540723,0.5468755542994387,0.27542548715192633,0.29840640960899817,-0.00040443409449507036,-0.10130302547170428,0.2099908743944881,0.5336818263346559,0.15222980453960314
0.13756659411342156,-0.19873616856124252,0.029715273992653852,0.3046640900767137,-0.01854148683004301,0.2644665779320391,-0.06094154216958386,0.21668541157028826,0.3316972301112681,0.23678263293632218,0.012619103609124983,0.17508595177644729,0.25447595943480417,-0.11284584515289424,0.32797846058965263,-0.046275217063834605,0.2736832071843346,0.46448989144556174,-0.021024123280335375,0.3168861711064013,0.18919428086844195,0.1876512971782194,0.05769137613304655,0.6211080002976634,0.3612050069707296,0.15244166948922544,0.2763326805191745,0.29839278492685767,0.25468607789491343,-0.014280796028690469,0.2439530300047704,0.017539315438391722,0.5080903462250269,-0.06410360717163123,0.47094081108121455,0.38862554966540025,0.19683393339948493,0.3138765394894868,-0.1663755388361918,0.35866821183910236,0.41423622803166177,0.31202661081347616,0.10768645896059419,0.17222381865030698,0.3869343202747158,0.08275454182814487,0.37448607302537534,0.3607242387210739,-0.15725611063883635,0.04303142153060768,-0.12077606359865886,0.18833224431735332,0.15411861126943008,0.22153863948620037,0.3250984419010146,0.02695201125994487,0.16760909831998475,0.05466197215710113,0.419971809345086,0.17754975054078445,0.013374961269859303,0.18764968936744192,0.2340218628433878,0.2114593030749344,0.23504009731132078,0.5171470256011657,0.41805116766966,0.17759048482763812,0.1893667615631514,0.24512110679190618,0.4149756307903412,-0.14421794806934313,0.019305866185448824,-0.019062879683525578,0.15032086530782035,0.4691905169880822,0.12070615069248639,0.00753112058547874,0.3999653995105134,0.3606901506229435,0.16141940538849578,-0.06111408808325394,0.43688119729488384,0.06051975978571981,0.31441159997362494,0.13929927415764246,0.18697348791649904,0.012159734022906108,0.3752399723900976,0.2351645949762311,0.05326660599213656,0.4257124904681881,0.1677602625608492,0.33214765994989504,-0.11943790193158026,0.4046811189847829,-0.15466737950089796,0.18634031202809503,-0.1558116655549765,0.24477720486308835,0.0015957026899044977,0.07129966986651431,0.1253861668365736,-0.18087305148753974,0.20703194324866003,-0.010821363589652577,0.11457909926906273,0.14174118955035114,-0.08849905618642304,1.0,0.330904329297922,0.19748491828388615,0.08981272777652385,-0.09187939912038064,0.14196897000546552,0.28393545344193805,-0.1393819158045855,0.3788898342129904,0.47430031047898613,0.2001335358780929,0.34811692032108793,0.04546643980838025,0.20841301405335616,0.3649600309554675,0.3020576068577729,-0.12398495307786538,-0.002515639296007636,0.4721051049655815,-0.03291082191448468,0.1478325646870483,0.06437728659340591,0.2176186379286224,-0.07844831976055926,0.23704157613139137,0.09842944469161465,-0.07586805762392404,0.5124251739343993,0.3153877542818957,0.03843204684216274,0.09573667192963169,-0.08944534897026298,0.2809927378524433,0.21316365012990737,0.34483231425581506,-0.0772684933569985,0.45588883424142346,0.1330573098489289,0.16108257426118092,0.15367085950077192,-0.06438667215548931,0.20714849939141103,0.3811234870411562,0.0558139563307904,0.23960484289073558,0.13148147904936533,0.1721648612099467,0.16651407477756708,0.11130307343472863,0.12301811031001192,0.13164777558892235,0.23989871246313713,0.021837937350857196,0.2016055310818616,0.29471120750768093,0.06493868740243357,-0.03632271228928226,0.15476997404475623,0.4022447178526106,0.018652160502563,0.17842281666540652,0.1775781175250096,0.2872177059669005,0.002293141699358027,-0.1068134722919375,0.08784141295769254,0.2687914360590607,0.24138433516426552,0.4530017637941985,-0.028512265445921878,0.33162981476148584,0.43803172841031374,0.21974359314357492,0.0218774485868845,0.41176161525904126,0.49457716813382707,0.032957114689077825,0.2152137540614977,0.20707568231154858,-0.013096736682152227,0.2068880246293985,-0.1626312466321656,0.3903053317556884,0.0980002850119637,0.11914397802809538,0.12456883636720897,0.09951971493860273,0.33982659168913193,0.4307072877848526,-0.026594623672073218,0.5345810487626161
-0.07175095008398168,0.13121032791123563,0.039220308500568804,0.39590994904874205,0.21650070200910224,0.5263726458397605,0.2642985992551611,0.16354950503886298,0.2893351500104532,0.3934326496721407,0.2940293013485847,0.3070154686449245,0.11118962345541841,0.10696856110439472,0.39946537360891254,-0.0679555289187352,0.18497402224801018,0.450330700287559,-0.04099983566221724,0.08651192118086509,0.5389717352357788,0.39212262914865537,0.3624165823291356,0.21233871021854317,0.34282505437400596,0.006097476746127795,-0.018292821349711934,0.18018155130406643,0.5065541321343127,0.3965888390922921,0.2216137291039989,0.10522234872384306,0.11594957278837044,0.10817787084249085,0.2323103315903159,0.13651267088683236,0.4576838342678697,0.232772172981587,0.007888815578149565,0.3237243655345514,0.45763507904089373,0.48234355643525295,0.252189337593558,0.08219486334553817,0.21560140302244352,0.30103536660211905,0.3384927684871511,0.3983222889032409,0.15311002736691243,0.23633218094254366,0.14864804434325793,0.45794578011938236,0.28343916540795183,0.18289899858617575,0.2827027433068634,0.13366499200531023,0.24927263223527507,0.17024369927790184,0.18227265306639473,0.5771118106401241,0.1852748864395422,0.16482774937737668,0.13721745880527242,0.2469648491363572,0.5246957787644463,0.2856811604219534,0.2693638452157595,0.23346816080183427,0.26948897730905785,0.3115374132348534,0.3453705650856219,0.07016366380678936,0.2588713666883038,0.15979272334627495,0.31315598486933577,0.539641821125205,0.1928096703210507,0.2934370790312044,0.4920925212517049,0.38920145073301166,0.21488682248718827,0.3129084605495635,0.09571600628480761,0.09155934473694348,0.0031451040216378427,0.35754361732698764,0.20585521676005328,0.36557920487084566,0.11832808047968456,0.5134935374717055,0.28032902227177353,0.34205037111927367,0.3654507896907111,0.2053704306621417,0.23565249586630174,0.21673785195522996,-0.0776017751897606,0.36532713525884236,0.20531343920629125,0.08212608903240728,0.2463901114463214,-0.005943738175069024,0.1618055837983603,0.17072819003109554,0.22688526155348496,0.12648771933809497,0.21303156408807616,0.03367897761605257,0.18106988488649917,0.330904329297922,0.9999999999999998,0.18526826537307262,0.3581183349327399,0.18327416036881167,0.38964470145148145,-0.08128912254067251,0.12945324447933598,0.5278074352157874,0.3223923953542506,0.19021675339329827,0.41183330818684816,-0.058682124109360155,0.4558431901492112,0.26064549680565113,0.226851822020886,0.19618870760370477,0.33403254999968646,0.06021822480545646,0.15322505261595806,0.4208834170232935,-0.0030603384519191134,0.3042589239774261,0.24046864917191377,0.4425217811495853,0.2589822620133959,0.055997719680955085,0.30937976176461307,0.15907636852363366,0.3783554030498068,-0.14427019849348124,0.010699837519424391,0.11201274585181861,0.03045748736556041,0.28200309030298637,0.2154081978622895,0.41342465577828197,0.18306004977144674,0.34022812273527625,0.2714631869779286,-0.10223261397837244,0.08047283803202854,0.49066195805495,0.1453876202187846,0.44145339993674043,0.28687096715713556,0.18556574851239072,0.34339870841672915,0.12663116528512136,0.1377393367723468,0.04137116985718879,0.5034064111520026,0.2861528770565515,0.20265929942517844,0.45004122319191525,0.1993541379670435,0.24488560494490533,0.32097638840733106,0.12905452723733685,0.3098308426315361,0.043279700275636275,0.19543968164635406,0.14474984826623113,0.30462131274464854,0.2007328527941114,0.01631348152989259,0.4130116646484705,0.07084103392812824,0.41427722554134494,0.22125497298783076,0.16463338896734528,0.17849309853681225,0.2676581229131694,0.24023873366465603,0.28616651029295337,0.40340527562252776,0.36393185031145325,0.3846546910281312,0.06796512141107106,-0.1531295049823259,0.20507375205187536,0.1787795811999012,0.3541267169022925,0.2312441432989411,0.46941095532089555,-0.07711433555866476,0.12818498441948936,0.12537793632122726,0.2832953081203798,0.32937962236364804,0.46572793468854373
-0.23823221297958122,0.020000953467153318,0.2064334000093067,0.5358536185105577,0.28443249942709653,0.1494751516497701,-0.035466905546649,0.20779408552408896,0.2322221808175425,0.34525459358531435,0.14406210658607904,-0.0017521490108608714,0.2901796453785449,0.2411072005825399,0.26637381404759736,-0.04746211003545375,-0.022303995559145532,0.29099919947054886,0.1939720208828692,0.374781339828125,0.12492322054083826,0.2562723109324577,0.10023271969414088,0.3041816884766615,0.23149813914945747,-0.18446264829335202,0.2954681672539234,0.17500482319451016,0.16973633134387076,0.14062046848284954,-0.11977074937570689,-0.05705981639319568,0.22428516333836454,-0.0070642859002096135,0.2050074731364761,0.32870486648688746,0.38237624996699965,0.30749349107438156,-0.16750717178800703,0.4875998392482728,0.15739525149638595,0.22697762869071458,0.08511301547789732,-0.125131084659987,0.2643046704513665,-0.07202172830120429,0.08921155532479061,0.28542155664318136,-0.021141646122958917,0.025202778635051618,-0.07168234123831188,-0.07233687874336749,0.4676742777562693,0.006940447958505644,0.43687345629393515,0.15245753319997357,0.3222632054670613,0.16461249182585896,0.319237623323303,0.20804073274331533,0.0185657494388297,-0.12063708821150818,0.23983617002573818,-0.12828863834339294,0.09018027819870886,0.3528177753062364,0.2644800093849697,0.5926907409253537,0.28089219501338786,0.29694963068340785,0.4004057048025169,0.14130350147186485,0.17844691321704592,0.17658632857299847,0.04454584837137555,0.29791675920721117,0.12839436481227653,0.4291030174080694,0.26011621852596956,0.17143030206334492,0.0257474285457303,-0.08909237683524614,0.46933466745394514,0.19177123158811554,-0.008754943201486851,0.14667045302878176,0.10254021091130713,-7.325571226037435e-05,0.22703283184255862,-0.005271172647442867,0.42339646702958605,0.36219050058925933,-0.12869475440803116,0.26316981932143074,-0.09741902315923907,0.3023136315135722,-0.09717939054587058,0.08390096756994596,-0.02964482379424436,-0.06790813872017816,0.11043587357382693,-0.13216938090251404,0.2435204016082287,0.14170053118947973,0.3993896401097525,0.15277145584293383,0.3532445422906079,0.08942103325374755,0.14712556268909024,0.19748491828388615,0.18526826537307264,0.9999999999999999,-0.020431334944207402,-0.35994523035133325,0.06398861564781577,0.07159794883310691,0.002731560435691144,0.3007076907963685,0.4460503403280188,0.01601848536715838,0.31242539360182076,0.03629520908615162,0.44087500988107514,0.062376751370048666,0.24257690842902546,0.13040697363103929,-0.0877617352186439,0.38479862230623474,0.39909296810572004,0.3514966172806684,-0.15875085099604508,-0.18886363227386346,0.11605984432957009,0.2155789227489349,-0.029657135917498433,-0.28247214727209746,0.45643296231804564,0.027046997192414112,0.026570070974980514,0.00535519537397316,0.19478791641053378,-0.060810846058961414,0.08342115710753698,0.3516537785822002,0.07172915465614643,0.3658571714283563,-0.016437036604561975,0.38912033057950535,0.21990545099281314,0.13311865281260657,0.25170203567010613,0.5050507622411893,0.15963336081451424,0.22065556659063273,0.2617926854767132,-0.20080714685390252,0.19884695403090663,-0.08944724875718171,-0.04966377014125352,-0.25932160624590883,0.1453714812540666,0.33950594385980165,0.02095128154951724,0.25740673561629035,0.15716623236621693,-0.1189473682830026,0.2678007635011691,0.30509347979286283,-0.11316807766484623,-0.10284916291204749,-0.029136514676485023,-0.02933017870457607,0.18221660299241332,-0.04981948417565501,-0.06414136317310942,0.3459384970605688,-0.004091440902662861,0.04733389365474771,0.35184376239121856,0.012342438016318904,-0.08382701688694598,0.22944885360356118,-0.06796491247867126,0.44573698000664624,0.2714488681511188,0.08674731128658715,0.2923943516428049,0.06693829418727813,-0.07673032417208876,0.3103894180859071,0.06253918267278802,0.10312132944604707,0.2254906971631565,0.24171442257223133,-0.09994009926055128,0.5580127485065717,0.22659129002656594,0.2783981594517527,0.26164964620133463,0.36584526088246794
0.08685709829046993,0.40301024714930295,0.08816197871953393,0.14029175703690325,0.17091242682681249,0.36787494610480603,0.6961575280376886,-0.07867443119794543,0.024259065464924442,0.31333660470075586,0.43723087911190034,0.4107694847863862,-0.058643425981028466,0.19387207759529526,0.31727034676666926,-0.055980744516097886,0.49867083041974686,0.3160950132736446,0.046207497987143555,-0.11004129568608126,0.2371973925413448,0.33883985588179955,0.45777474892073855,-0.014967730034463824,0.2906236273464865,0.09874921176263823,-0.16005131954624394,0.07756036477478359,0.27465467065970184,0.1662988545885357,0.12617826705440202,0.11538177225973761,0.018210520725080503,0.16158384571954493,-0.06835584393657337,0.32326723091485565,0.24474920292820185,0.1869612736774321,0.5821398046356762,0.22650471765059105,0.300343733464947,0.5283624463685741,0.16847509292262272,0.09358114710733538,0.1840851313069121,0.3099244756211706,0.3422800068289391,0.25342349721001045,0.4944952440110969,0.14309874462289693,-0.012685491079441662,0.47465814751602387,0.3993375252195887,-0.03378225279092869,0.06933849333905671,0.2183683470504932,0.03729425099420847,0.16538585215229926,0.06512719905050524,0.16511527955857144,0.26717288258781,0.09653292951042115,-0.03965789329699506,0.23435115889725308,0.15324165202309364,0.04257150785088602,0.1425699664271064,-0.0226840107495463,0.2514847945002597,0.19906313636329645,0.16364649571245013,0.2426525736705884,0.159017992185081,0.17000651438248618,0.6527818554231268,0.3588222863353783,0.4432132692003647,0.21635483897446459,0.20688571947348672,0.4884725813186045,0.13822855537350748,0.4644367386591672,0.14951331851209526,0.3719963071447885,-0.07719896878564958,0.1530180678285644,0.13913029422159448,0.11720448751018085,0.01635846796729575,0.15417821380592675,0.26900896606093927,0.2729712518039165,0.48662121745111536,0.38096942551849383,0.42908811135138303,0.21552996972264318,0.1674032745950746,0.13558071586262266,0.3844416550398443,0.09584202412782918,0.2841761570455439,0.0671833534173397,0.1491231585270442,0.16114249968200697,0.029061325188982006,0.4331549012077238,0.3502108449127263,-0.13106550021968374,0.15103009764239922,0.08981272777652384,0.3581183349327399,-0.020431334944207406,1.0,0.34773053353742844,0.4034420161561935,-0.2691219115541454,0.3859905873860794,0.3399446570444079,0.020406988444513198,0.5367216989230597,0.09740151887927834,0.014872637101813664,0.270865043937357,0.5687742540579771,0.02706970308631394,0.16918507508836145,0.5881392173839182,-0.144202999924566,0.060703890926311975,0.3126171966320264,0.06712059801941324,0.22986737677644223,0.12350972919624122,0.0898725064971933,0.24894716947180753,0.07914010722049539,-0.006819141365112035,-0.06379678265076322,0.47336705230749776,0.13474541465157266,0.07833516411681576,-0.13376310380053552,0.012907105885065894,0.16857698047775493,-0.06672820955874789,0.16305304466087736,0.17742908729224163,0.1427903189592043,0.44242919245905604,-0.023367822191105947,0.005741518700791362,0.09172348960168765,0.0993644351440286,0.12210813524388345,0.15021434208907133,0.04557552894984086,0.03152568275016135,0.16931812847331482,0.1970470742685479,-0.044098499422753686,0.3462454905864846,0.09851617894305939,0.3667361209760876,0.5301401331966565,0.2237156565126855,0.5892741399626117,0.1569374538039711,0.05115523328310867,0.5196247924211325,0.002411656001106924,0.02867280070439315,0.004053029110512648,0.2546380633037184,0.2808380806779367,0.2378560514854381,0.223168145710771,0.04318293090109928,0.36735136107891875,0.005363804986536554,-0.04840195918542506,0.14992967417637795,-0.01627724920761238,0.40023524450530057,0.07763644241611228,0.06120618006023907,0.48181675815277075,0.4109514180086624,-0.03488115870731655,-0.0996720773073027,0.25088877388561426,0.20190578168941592,0.4054848286839562,0.3717326734674641,0.30258062942396613,0.08491074506048041,0.01365468578280398,0.11439194427398955,0.09642438010845165,0.15239081480649275,0.15426140013058717
0.04060284347792171,0.3884254127064062,0.32289786274039756,-0.08075942226219744,-0.005847419597739246,0.10333736885523223,0.5451844770414301,-0.21787919680281898,0.05008606224726458,-0.06888235419271459,0.15761498473204952,0.04840151793715753,-0.29640294351275004,0.37051315257295986,-0.040467942121262146,0.38762058271483196,0.44764522608253143,-0.160966535184839,0.2507541301571391,-0.21639485748034035,0.1918493681191339,0.12828846226989268,0.4966377422275935,-0.35284524576541815,-0.16671748199702058,0.23298036292479538,-0.21632030141450867,-0.0850365161625661,-0.005248129640315463,0.24034338469609998,0.17142954777149658,0.40911478395840706,-0.29681519924299354,0.5172555835884306,-0.213165680140291,-0.1925726362717415,0.14507083231037848,-0.1716489976449491,0.6070316624268465,-0.23180162312869274,0.31894996507326423,0.048842800106963034,0.1530971302097954,0.2553313168744223,0.008669750969183708,0.425911598682773,0.031052905630037483,0.21012578130752022,0.4862861107234698,0.34889448968619424,0.2612527009275976,0.23977221756241623,0.05250989470769308,0.157466820422979,-0.24539188206953036,-0.008500785222991704,0.01112135984116462,0.2615733516574181,-0.22243379054720633,0.15729735466898226,0.30617024456570746,0.43284854815121965,-0.078193465587242,0.1371509952320993,-0.10340337801806121,-0.31465915989961907,-0.1810558917514733,-0.16647378179541378,0.08561041932202836,0.20259360013607125,-0.3028602207698166,0.21882448559319614,0.2028628202332875,0.11475645319665771,0.24228416673015601,0.022889393038452444,0.18437826087869919,0.21509066709735275,-0.12729981053484662,0.06437492780893812,0.32753490137903063,0.423512150432319,-0.2670765127560341,0.034201933711516565,0.005983593908046218,-0.09364791163042288,0.2380504138556428,0.23345019154014515,0.03192462963993255,0.14283728245456806,-0.09438664222239762,-0.0411096240186561,0.3033788466929523,-0.08377630986926567,0.5186245881560912,-0.09575275732910699,0.6366599397354585,0.13869938319949465,0.5433348895684561,0.4205859142616322,0.0775101844285388,0.14786971309551653,0.19345826760742513,0.197648785631566,0.10198234465412062,0.41067408725601373,0.1424042021051399,0.04713767522617954,0.3455565598558965,-0.09187939912038064,0.18327416036881167,-0.35994523035133325,0.3477305335374284,1.0,0.13261176857540782,-0.24596257373383865,0.233220454130449,-0.01993458554052038,-0.30274845202817974,0.16058106964995372,-0.14618431855094394,0.20770966511580646,-0.09600294480935312,0.13669502397756458,-0.26937481059740925,0.0984691603964904,0.5369611846162734,-0.4789422766756659,-0.03131367557628994,0.09660694575511732,0.17798008145738933,0.4154418228413873,0.10682858748115337,-0.16043858298455557,0.0021423304679747943,0.4674362233928105,-0.2700323377105208,0.06709485496728909,0.3379894197870977,0.01566517423874121,0.22051912016186526,0.21238109869431315,-0.00641262771107723,-0.09882253706698019,0.1894261793766988,-0.14996332032979817,0.30251067652487634,-0.18491861583248148,0.12262704388331336,0.05831713165844739,-0.001139867953515493,-0.1372257065321271,0.2522475245094645,-0.048645237437333316,0.13591379568920406,0.3289035892894137,0.006835110471107075,0.11377851064885061,0.21167696230655986,0.14412872149802428,0.03435664197790113,0.1303695834470321,0.1770638249145367,0.2949819255305724,0.056139024222425594,0.6496170904342606,-0.23834979721857313,-0.324526294557569,0.432632093559522,0.27227687628882113,0.17315897491678567,0.2770601726944122,-0.03173469682687374,0.468863820247211,0.1364410440538378,-0.01798670009885559,0.1492389384763018,-0.0021735418575491348,0.15020945640079794,-0.08986388779123464,0.21213998270340922,-0.17045708277875238,0.12773874692653284,-0.2864385961697903,-0.09827964330244356,0.3333058145907339,0.07026370627645741,-0.17119750344957707,0.41458931271413824,0.27216897261897527,0.24357574130597975,0.11582081968021808,0.22951506748394165,0.35929186435725247,0.1888584368961969,-0.3135426513202648,-0.16245182915923356,0.07520879278454208,0.4293875249404526,-0.18180319271100065
0.22690385322340265,0.03617822554860587,0.07231690765553578,0.17304321936783523,0.04520127205564492,0.29552866833087177,0.25066725395220263,0.25163571072325336,0.2672070045879485,0.23495685726735901,0.09095531221444744,0.4743831168321669,0.2225328152898066,-0.11232530121568698,0.3251974247391317,-0.14547672594092165,0.5377752340656096,0.3653493923941721,-0.10321257202788472,0.20817984874229364,0.04114788032790937,0.26011970264180023,0.1701274051035703,0.1790046665373068,0.5515216998944198,0.24742146334923046,-0.2524358912500049,-0.00821299562841929,0.27324338437883156,0.03908119932289881,0.5056267875568388,-0.2051275195887371,0.24256092614072067,0.1581807470019653,0.06806774938992617,0.1902813551361392,0.19704699587628458,0.3086067382859963,0.016914546598715056,0.3543490811767393,0.29922355197764927,0.3508030509253117,0.026901588436226462,0.1924960937374951,0.21118274652831268,0.1682569603526706,0.181368406915952,0.3584946619128269,0.04097588296434752,0.28570454161791675,-0.04565594790016268,0.22568173647127676,0.16165312069316176,0.3353905284694319,0.25095616892397693,0.19979541691329603,0.2083916907243235,0.17860380175451293,0.41196019353277163,0.25226259817323493,0.16624297504370256,0.03474685084357235,0.03026525092498113,0.40744328931602125,0.2118697226710388,0.17410269985154628,0.1943384149765115,0.1425587101564171,0.2454652945111618,0.19482979473088546,0.40110246306348274,-0.14771341561968787,0.23651585520717494,-0.06028550903887006,0.3931993552572723,0.34305391417748243,0.39417735737523635,-0.06986561388930393,0.317510453066191,0.2689826209526382,0.22430911894157216,0.1850880015577283,0.2527007674790038,0.11966826158362184,0.2780118486363659,0.21919041578510232,0.1388563232452291,0.02695475004714013,0.32551493597633435,0.1577937353000309,0.14081777746142243,0.010788653881216621,0.2907693064934051,0.27942529043376835,0.044997098283234796,0.19304503636582823,0.04588551823839263,0.10032128440732997,-0.04533117823064583,0.05947740671387344,0.05819885260723165,0.2754352447173495,0.021474278405234526,0.07209355584240655,0.24661829666794852,0.14335103015120307,-0.05377234389571468,0.27056258287632595,0.09317470300531099,0.14196897000546552,0.38964470145148145,0.06398861564781577,0.4034420161561935,0.13261176857540782,1.0,-0.07337151848354546,-0.000794678766502488,0.4371469914667251,0.3101649973285636,0.3229238024155591,0.19222835359211227,-0.12640758555119602,0.22873894518930699,0.40166222402335433,0.15329342983143215,0.2146090687020611,0.32246728957825316,0.16524476736940485,-0.055567217281973905,0.2503837551052319,0.37431285639559303,0.5232025371988985,0.16567386298995787,0.10859331388717564,0.06071979690714873,0.1322198905626442,0.1111001019284622,0.3636052717457226,0.2911815550836731,0.0184047030607745,-0.059957484968871655,0.30003220392676333,0.20447540376982792,0.45670750680711336,-0.10794728464374309,0.2629366791458383,0.11257735051264484,0.15650029272936494,0.4391295612852821,0.015363927025729016,-0.007276950757550007,0.2634934677168117,0.04465651073709827,0.24439159644102218,0.12162858632447593,0.15868117343076685,0.06580087980849379,0.5115387151708578,0.3663759576352921,0.06845884058044992,0.35385282560267345,0.1997368086509482,0.4562535024794804,0.3869861312504477,0.05905202392213647,0.19740772775636214,0.25423144986468976,0.2685220906250774,0.11042096032428524,0.4294372986948518,0.11383065560562583,0.31744721189076813,0.25638455490280065,0.049452093434983,0.36244878891496246,0.501508299715706,0.4080839881073655,0.19270528295405712,0.19440626121974988,0.20690142434179648,0.032799770615234834,0.017327989316436903,0.289184845584874,0.3405436296355892,0.1678360085583171,0.2905472604707524,0.5513797596718075,0.27084506642214695,0.03172980599452992,0.23597395991467865,0.07903291252218946,0.5148603481449596,0.21067032963309834,0.435517759319737,0.3067360420206129,0.18363107729687814,0.37465194359692655,0.014819177161343103,0.13275403381668394,0.15811025843134738
0.24582467712219006,-0.5125092543223428,-0.34522236489463265,0.15265888732811042,-0.20728333324365178,-0.1642386488121356,-0.42408975560580386,0.20974197462718633,0.08047499630017485,0.0751497953702489,-0.15263183129633803,-0.26946808849908643,0.41415563071839334,-0.42578004328301355,-0.18132673478425645,0.46134307162582455,-0.003806993668825329,-0.14147504242116718,-0.3214690162477961,0.4170669624756232,-0.011220821203987855,-0.2429493074721007,0.0022632650892115184,0.5368162326838198,0.17276837577909304,0.02762307135096419,0.16293607949692035,-0.03199551567285166,-0.2911193943645896,-0.4298081198471576,0.18491143051031392,-0.385453293398895,0.49183543965825144,0.18958761191991888,0.48422703264980516,0.10039547800926814,-0.1745139239968386,0.024222943934560207,-0.5192916843064145,0.03523623274394183,-0.014748860201359645,-0.11494382059349281,-0.352922306972151,-0.002319193191971925,0.12393041673914566,-0.40163384454997575,0.0133137703323098,-0.1643931622434959,-0.44984055464343276,0.26296150913012983,-0.29383929781769313,-0.35856839544751845,-0.10883043161547123,-0.1166191754314817,0.3135385975010083,-0.2065872903784993,0.10522696818666785,-0.3111896099968615,0.3959898866704577,0.04972479188887803,-0.2002411227522128,0.13759767711679366,0.4678697466578743,0.2671344487539013,0.24343715276214423,0.49591802665263074,0.3679808260191149,-0.20590381750074274,-0.3034394582815912,-0.05110349961430551,0.2277499536537134,-0.2915942092302167,-0.03171607865102011,-0.02502556396843211,-0.1733923176523958,0.003396188445946602,-0.2578558853118992,-0.33117576508579033,0.14804797887396753,0.024557730087794348,-0.4327710972866014,-0.5062001217669899,0.29761671229451864,0.062694325164108,0.18089315772138745,-0.23527096095274508,-0.056738185209690706,0.07062503825210818,0.05701935874768088,-0.10892659994281477,-0.31059295055383374,0.005465025040617926,0.11799447047667376,0.07803662608711194,-0.021604024686764867,0.1946100116452854,-0.21153236650332455,0.09471164376251451,-0.24825453457750932,0.06682659318657452,-0.32091080531608124,-0.15590401401331247,-0.22203658264887083,-0.2194341694039798,-0.20413616609307428,-0.18575499810113646,-0.21225591148420958,-0.03434829664115417,-0.39206192260895917,0.28393545344193805,-0.08128912254067251,0.07159794883310691,-0.26912191155414533,-0.24596257373383865,-0.07337151848354545,1.0,-0.37652109197778283,-0.08043685569982219,0.3512799092825095,-0.1737163863808691,0.2971529071924805,-0.10536784207700878,-0.1663556204956492,0.19435470986647702,0.5011184688427426,-0.035697740851581505,-0.3161972233465902,0.3722406110831727,0.059618972779412895,-0.3392147130599591,-0.20016360529490884,-0.16665597245140254,-0.3923386739503121,-0.04402221914102421,-0.025995285588723514,0.3060225255407319,0.2896058754753918,0.06901258185651822,-0.45244284921050903,-0.1135921334743088,-0.19748530177509413,-0.12643181163042147,0.35183240421951545,0.12330786870767992,-0.2022751574868743,0.29003052437332405,-0.4302298368007393,-0.031809216147009864,-0.025524258739615203,-0.12696209912371462,0.39580619462822,-0.0817356345776401,-0.09786401525200457,0.24251513327661162,-0.23048296899555337,0.5186464510213558,0.2466817952308014,-0.11101091798222748,-0.036393049202885906,-0.032786157886145736,-0.03215783075850448,-0.25964252636105994,-0.03530673318156585,-0.09671490544824488,0.05767014742302999,-0.4348649010446336,0.03819238977629974,0.07959275867014005,-0.17555078012736477,-0.1221982064555913,0.6905194468404643,-0.022734367436526397,-0.010678782238879948,-0.4937194119500067,-0.03565872655918235,-0.18963305726379967,-0.027514849060135592,-0.006164195975883945,-0.2445131026050758,0.6541206354396191,-0.0017567423576819133,0.47341368024219543,-0.1006889797834484,0.3789941546230802,0.30099257855891853,-0.4158117966128254,-0.06654977651171023,0.6508143168565852,0.05641747434361467,-0.18113264836550752,-0.12812337786212066,-0.06299921981741907,-0.3750189357751628,-0.28411304128030174,-0.14647028522895933,0.14128089782179046,0.27738746957858845,-0.0606607504619866,-0.22837827111891165,0.06445178003555273
-0.37053637668795214,0.7035032137064025,0.18180802675165011,0.06808556826207594,0.29494715912580577,0.2677928068369989,0.48897790164520544,0.06515196166318112,0.057584235877729206,0.13869788324148755,0.8009116190685445,0.32205151145891436,-0.0895716507313048,0.41961512164940734,0.17153481973226756,-0.09004801692332502,0.06286222173055621,0.030477215374895898,0.30284358184774574,-0.11356571888042744,-0.030360990760468453,0.18019200746639571,0.25582902746159375,-0.1688568499302165,0.1050618785590005,-0.2500274673814889,-0.11654213172841557,0.16829401327415477,0.28298792487272906,0.2445290630437867,-0.20018399175560964,0.32922568185396967,-0.20695355276346528,0.2752020269059954,-0.20614719617216531,0.021188542366450167,0.044925080562212484,0.19250691706837506,0.5459833184527999,0.06555018068489829,0.1137233833490203,0.27906040207927596,0.4209874329533644,-0.15348022154579938,-0.028549928615360334,0.3506950473233668,-0.08121234338438177,0.0570062452859431,0.5457689068093724,0.019509334132760174,0.21674159320282502,0.11225239576001728,0.3864688782975598,-0.04152254936464755,-0.08240508630375187,0.4831802573709951,0.3099339661110344,0.35395835823912586,-0.18382502640723053,0.12410587542996813,0.48281782629906905,-0.07557793293229578,0.07115264402185038,-0.2757886367243344,-0.07469204549222506,-0.05142457331755075,-0.1555581129120909,0.06505875629457662,0.46478035630676995,0.2491705720683036,0.08561561911753897,0.6188492857773134,0.5346490189932601,0.4898086109654405,0.42415270675420746,0.1913237569047285,0.558670481187062,0.3885093569099975,-0.05634098623797589,0.24265498213556164,0.2499398716570603,0.5565640740592367,0.06906041991278676,0.21980099858018803,-0.3378889539831168,0.08796696672962218,0.1555633153356857,0.2701318514370552,0.037459977906201786,0.2849687334288014,0.4160002609477513,0.027525798030164902,0.053352532467095856,0.019942728224803336,0.2525611707406968,-0.035730325345508004,0.28057213525391067,0.247566721092025,0.5305040464859322,-0.15546034911456108,0.5626656182198266,-0.07320670692793305,0.36605844042602653,0.570819431296902,0.2236609599192156,0.3935884737155809,0.5021667617927142,-0.022559089433485086,0.37789517210023144,-0.13938191580458553,0.12945324447933598,0.002731560435691144,0.38599058738607933,0.233220454130449,-0.000794678766502488,-0.37652109197778283,1.0,0.28736813889727897,0.014231947366343456,0.36660792428023675,-0.06894483892061756,0.0421953420791269,0.2409861001664498,0.24949223965263526,-0.0005032141169896139,0.3850619450673006,0.15911697275260797,-0.2717462666391219,0.12347603184957262,0.1770938795028888,-0.21282947156987891,-0.11030007310359088,0.48909111337458194,0.06763292122568168,-0.03588989203323931,-0.1447517210702558,-0.10740886160828722,-0.2033373313789253,0.48355655670549885,0.3729089251184611,0.6652692947904129,-0.1555270428329889,-0.2520338236260032,0.2712006572224917,0.27994302417367023,0.10731369321167995,0.22271919923708794,0.08890383084692437,0.3077240732633836,0.5933241236943491,0.004820146016920366,0.10673216150275379,0.19673128426903483,0.08834872404924067,0.0850627598975031,-0.33808039233481313,-0.016972719159294592,-0.15121773137783695,-0.054210053249398385,-0.15838085473607724,0.1285384214803634,0.1956007082439177,0.07461379476176426,0.23681655853193861,0.47558460740489794,0.2710083025373447,0.2386426579946818,0.01595702789898272,0.4082507972097809,-0.20543884738332435,-0.15364124416591124,-0.10388954442500667,0.4823081709157095,0.5149812276390967,-0.06517063491097859,0.07536469073201914,-0.07389352616351866,-0.07909577689684116,0.1336148793164813,-0.35176613057923395,0.11115205672836176,-0.17369346595980595,0.36706769835561515,0.02748010925446516,0.08327440631852961,0.5291727336917561,0.3603524056858145,-0.3377732047472568,0.10979119716525823,0.3441654998205006,0.34563071744626434,0.203619913900649,0.4447016806133615,0.16131374742320925,0.054271212659875036,0.2944733870306528,-0.20425873545871828,0.02206397348812989,0.31536718974424166,0.14281722850614456
-0.028891901135737013,0.1690117497854763,0.05326646446229255,0.39476308581400393,0.2658056488297718,0.4015906469135478,0.20980369467628415,0.3354170810265904,0.47162838422010733,0.4499236769022495,0.3433257191990121,0.4820367410499279,0.25845041412262376,0.010100781624729719,0.29086660366134,-0.06609061086585889,0.3566247516700989,0.4526539082720629,0.037737359302756866,0.1553779506095296,0.2394734409829351,0.2768185357651529,0.27598291941472614,0.3083340608522367,0.5187075935996354,0.027491856629144634,-0.057863840397826424,0.25215630940378736,0.4207508878932627,0.2851927238422458,0.2990057585451019,0.11244103833854109,0.21655529851574995,0.1801371015103098,0.12087991410122667,0.3106292820032074,0.35648109145478046,0.5376270626601746,0.04932069500624455,0.45573791166426936,0.4032449254987669,0.5494201232964306,0.2125677964423339,0.10974985584489175,0.3263940694715715,0.16306954356079803,0.23493407333539262,0.47012042524226866,0.11840480629400346,0.27763078497091753,-0.03897539977513999,0.28565706415058395,0.4906820563340401,0.2459982232235573,0.3537828576808912,0.311342275991423,0.4533052275149788,0.16547151097369786,0.36609907468291586,0.40178367764914585,0.32847088756106896,0.0023378453668248477,0.249916103371724,0.19493401602120003,0.3112102280029897,0.3406822323223849,0.31504109779128087,0.33084369455909884,0.24795913165942846,0.3851475618045511,0.4679441757300223,0.09346273644812965,0.4575991159334333,0.23177272710036032,0.3901136772703345,0.46557348733633347,0.24639199159720276,0.22800613713579176,0.46207727883189326,0.44043315320180026,0.1472991054117467,0.18467302592484283,0.31735221925630613,0.18029869548375552,0.09227217124750356,0.33004320417102834,0.13172153884025975,0.2945738880909807,0.21536699193802933,0.24379548183912342,0.39441547303173935,0.3367217329777438,0.4523269533326972,0.28510347239586487,0.10428675589358823,0.29496180186555016,-0.05470693068932686,0.4106979612388045,0.13561229358975538,0.16730793485909545,0.25560243364425095,0.060505055357913104,0.2512479551634632,0.22323415317137066,0.2591326607018936,0.15212085931314417,0.23836993113702457,0.16717171286575733,0.11505380745966481,0.3788898342129904,0.5278074352157874,0.3007076907963685,0.3399446570444079,-0.01993458554052038,0.4371469914667251,-0.0804368556998222,0.28736813889727897,1.0,0.41473540775606704,0.32836413636441575,0.2936112375513008,-0.04383793655789651,0.36322623422369266,0.2773081275890318,0.34594219807466653,0.2914813919904823,0.22141680538601846,0.18386451373748947,0.1429347666675209,0.33573339308767286,0.029754954311624972,0.32908854848783975,0.30113955417127136,0.3776709069125585,0.13402213742487454,-0.038521525898981536,0.34661110471475903,0.15937909857007104,0.28412302434102005,0.008460707999223036,0.1714625681979078,0.10356301564690469,0.1859809005545254,0.482498447818098,0.054658963289309276,0.44364385677113505,0.16606930842127776,0.33227643115338956,0.46061797652545483,0.1408294809996723,0.23359620542078322,0.5508063981751882,-0.05765735080172629,0.3225114874750832,0.2160883683604777,0.011421317850646652,0.3040778096163422,0.14590575683847196,0.17722865787480194,-0.07905168537036097,0.5227180830059707,0.4591986875526374,0.29978986286239057,0.6435450907404355,0.3642930150278747,0.09993005810287384,0.4985417175187607,0.41104244740118695,0.17799678011257883,0.1660899434973365,0.1605087252837076,0.19883694823297543,0.36868977573140477,0.08254012634401313,0.10904431012729761,0.42192356477759196,0.2258139064070034,0.32142459769202236,0.21519128054426406,0.3239217369402705,0.16549173280116794,0.08682887017250024,0.3238960475931821,0.38711911212731126,0.39063016373814613,0.3208323938337502,0.5054972678410319,0.07554280517381616,-0.042499228665817845,0.42035485231026076,0.13755010686682723,0.4643165985132117,0.2979384461087986,0.42029195306406963,0.11034133383878086,0.3657018860175708,0.11660543486068445,0.390858239136856,0.31372608298601606,0.4514247067243595
-0.012760192587920856,-0.06379310755103629,0.01975101094522353,0.7049329817287232,0.13302604466708773,0.3823123323157555,-0.09850807082137,0.5418631892537383,0.5108805191881494,0.3417382715801128,0.1353237690438735,0.4048132842162479,0.7520190576781561,-0.11664880706268654,0.31666247196089403,-0.0343488554732175,0.13316490366523048,0.4963512391112912,0.007942058232602463,0.6459141337102555,0.1382019305015226,0.23468171764298887,-0.07291549209829083,0.7445821941821752,0.7346995270503623,-0.08338848336975062,0.13802995271363894,0.23559201939610408,0.3838201551384441,-0.03630456903795611,0.18289843142581863,-0.33996062689330886,0.6218387770993646,-0.0034726585532707925,0.6661766556418056,0.4831515097402006,0.15870505757785558,0.3886042526863605,-0.27041196062877876,0.6319376368883954,0.21611291001828228,0.3767823436861332,-0.05503294328179082,0.10845714080628137,0.4781259636753668,0.04955347323630435,0.2625914460427434,0.29963833794912986,-0.23490815009943117,0.20032759014718324,-0.271781803071389,-0.022321219548102747,0.39664817613646247,0.18210206672492268,0.7281165783106456,0.16824536888754685,0.35915294377838664,0.15769242513514647,0.7397357918843196,0.29228660203775153,0.0015288361586809462,-0.21767868298754678,0.30636788048334546,0.2193110680986705,0.36348049640755153,0.8450021977157269,0.596592079445092,0.4650792119147775,0.45006471808657433,0.4399985251035954,0.7562318992853775,-0.06928754561638947,0.21599149263711254,-0.053898483148690925,0.28506008619932466,0.6252596938893358,0.1390638969003736,-0.07884889987973985,0.6082931077982393,0.2862057479926115,0.13618475713261935,-0.13232938321925627,0.7542946164542823,0.1819269091513638,0.14816148504613788,0.09720522839935392,-0.1268965263171818,-0.028955578466297545,0.4643455095806009,0.04876881307718092,0.18817732947344643,0.2639695111871032,0.16627581084392787,0.40606661304238795,-0.1599063443497189,0.3790127061655043,-0.2538365598946099,0.1985663313661995,-0.12445910241399905,-0.0419231156924395,0.09006118817193279,0.05380155685803348,-0.01738107881382509,-0.021838789702576474,0.43668083941674807,-0.042358563738733646,0.21507578929812554,0.1953173781638026,-0.1107961842602689,0.4743003104789861,0.3223923953542507,0.4460503403280188,0.020406988444513198,-0.30274845202817974,0.31016499732856356,0.3512799092825095,0.014231947366343456,0.4147354077560671,0.9999999999999998,-0.04161922725623848,0.6449117002089478,-0.1885002039002373,0.39504101843931994,0.25821895778689624,0.6072382116745544,-0.05452955720044251,-0.1814700883322209,0.7637431759015626,0.271033253259124,0.21714951141210287,-0.057071368862742757,0.022647777371265148,-0.012629074339672515,0.3396434353307665,0.07833838660053774,-0.1769782396411964,0.7571699008412407,0.24947671661616977,0.0238253889836681,0.11088349234450234,-0.007971826584973557,0.07661393000112325,0.3106075358991654,0.6478478772202574,-0.13540053768971147,0.7493352786933717,0.07727867404889967,0.3685600471634133,0.43937750905059986,0.17458143327120348,0.3052424459582945,0.5091029107531628,0.011529216760506368,0.300584608488501,-0.04116677852740674,0.02803964360221355,0.2888372369821736,0.06779923084676441,0.060947974345601515,-0.22912801058931362,0.5051122542584922,0.10033276499358351,0.1719083333546379,0.21347946676333196,0.1316670981649263,-0.26345728188527406,0.5700587389084217,0.6910197917674328,-0.18199143111480592,0.009599720706805285,0.23591131467117582,0.06831994621844731,0.25439860018141447,-0.11979153897808817,0.19132508122056033,0.4084170734646172,0.16564209481988723,0.28857110620704446,0.1858145031253925,0.40795684003930704,-0.07034440380384893,0.3831585182257727,0.17897727455348683,0.80163812734305,0.6355232284189278,0.008854686395469364,0.5139582437238805,0.46543080700406764,-0.24700833636544903,0.27213496793531167,-0.023479672759220832,0.38045755465896003,0.03430417663457499,0.22383358178484622,-0.01888250665753353,0.4866615496447202,0.4990005011981821,0.07647939974398822,0.03954631520083945,0.6190705625600024
0.006577033735009323,0.3036358837268446,0.2009496541817914,0.0578056230793233,0.2825090319104135,0.4049959659590068,0.43343338215437516,-0.06281021185402098,0.2656839048631394,0.3342630147241171,0.30282180519216506,0.4085397535148827,-0.11462780119380023,0.19179508459604516,0.09983799377466203,-0.18043728873120332,0.3288756508718435,0.26022206405728926,0.1139466032673027,-0.22976387428988976,-0.04152690078636297,0.3305486363434779,0.18049382269635628,-0.06735864522289571,0.2801770243723638,0.0023899290438987204,-0.03973946111088091,0.22337173575075522,0.40290363976499066,0.17746805192992618,0.1413376133956949,0.18445513836119112,0.05154350112534928,-0.0338252536407972,-0.08082466619843542,0.41064745357103616,0.19790858399746064,0.30745137291770114,0.24512274216293456,0.20132873762603082,0.3827480009562398,0.4133591509977919,0.21702800425570815,-0.091923123296384,0.18087335035051777,0.3979760912839783,-0.019086433751759904,0.25151214191808907,0.2138288901638231,-0.002539324847196449,0.1563728146764684,0.3563576788586703,0.04007220714976428,-0.0349095447973152,-0.08593875246546112,0.22231651066148084,0.018764321920130445,0.366934996098853,-0.0949240116836712,0.07226033529656871,0.3553957995311441,0.3061178316561343,0.11952658428125812,0.08998496334069983,0.10340371389620495,-0.028854178212698974,-0.05616997305303369,-0.014492175018604662,0.24335942231267235,-0.02317925367706034,0.17314251186284482,0.23908659636132784,0.09527178564542103,-0.0318368882413605,0.5476662225396077,0.3179116778700627,0.5187907713786748,0.1473414664697381,0.2446915180840155,0.5665399389261631,0.3144272638789613,0.4014654630704083,-0.021733341114754723,0.024612411307454327,0.15502772317513275,0.20264658691419263,0.2914839683573292,0.10154612733009796,0.13036560837060038,0.08714416349712081,0.3189125197834333,0.23739647380387385,0.3663980152301113,0.09983235039365837,0.19107793949397084,0.1694078457201353,0.1399733145038738,0.12526415866931814,0.12932787817379995,0.1253390685031055,0.3045044609906529,-0.06528712132956878,0.2700532456557587,0.17518064945990564,0.12550601136314865,0.32712689332679507,0.18676830370550107,-0.025244689140631667,0.23888717138419918,0.2001335358780929,0.1902167533932983,0.01601848536715838,0.5367216989230597,0.16058106964995372,0.32292380241555907,-0.17371638638086911,0.3666079242802368,0.3283641363644157,-0.04161922725623848,1.0,-0.23378424956548055,0.13966404824189144,0.2785076348022789,0.40950051111922064,0.010332703686076106,0.2368004216541127,0.41780252774878296,-0.01703791934525878,-0.13382196804728452,0.12835971377462652,-0.030918261529007632,0.17280199167182386,0.28416587642121843,0.12408655671428144,-0.019725920046123308,0.044846461356275215,0.011076594180301776,-0.0735112186721811,0.4883549699879557,0.268711206184991,0.14052407810436449,0.06269653580018554,0.1129296963976601,0.10660210219249619,0.14990578452941736,0.1132563902861528,0.21659655174531606,0.12203183609451268,0.27667782543287,0.18774218293312353,-0.08176322125110998,0.07753082189165104,0.028864293668241354,0.05541882840402488,0.26843155809565317,-0.00039725781820479237,-0.027541412301672827,0.10076689931256054,0.2189719150264739,0.10980495889809157,0.10095113359807287,0.07678357920962833,0.5125666042673656,0.34210223695243785,0.11050053355083815,0.44893360387938225,0.12989926101415802,0.12855854690108795,0.1364187514339784,0.0646506213869437,-0.05987276099607959,0.06907528103257432,0.20399673004542226,0.34803951236134745,-0.08792722931335802,0.3025976016608019,0.1518965667654322,0.1958408241152626,0.013547595521024355,-0.03849767186776707,0.45506581344756614,-0.18790424160709315,0.2806329279945427,-0.0684421658394574,0.06770813898473618,0.5000461223942,0.30442748841539363,-0.046918530889693465,0.0260290336118051,0.25728611246260447,0.23947799580778356,0.3844794808398538,0.4204809227010727,0.04758218680555234,0.24587630325647378,-0.13225694140491853,0.2546387964090079,0.38073357401717034,0.15630865561867205,0.10149445015180811
-0.08146838494626538,-0.12024348580593641,-0.018726533239383735,0.48291021877235024,0.01766717439963696,0.2736104105448761,0.05910190533878301,0.44189913552264687,0.26368543434446645,0.32171695029801917,0.08070413599010723,0.12930489186688085,0.3904366171149803,0.0027931761119338945,0.25470077203839664,0.025964581712051512,0.12003580007644568,0.3632711101277487,0.0031798108502923703,0.338308215365319,0.3001871065249219,0.16395128739748863,0.21603989847339714,0.6664094095760439,0.34204374011434796,-0.06284347018799827,0.10363745792665773,0.19117633971391004,0.1767178364744465,-0.05472091637033944,0.03407034573137243,-0.2779752551048325,0.3204507087266433,0.028719811118961193,0.6161682064555374,0.33786831863632183,0.24389690060570862,0.1423967256166824,-0.15128879621792216,0.35709426649981235,0.08447953154189614,0.34376836775706976,-0.10135427971144996,0.07711321384684565,0.3001152162017593,0.03527609599310052,0.23558734519120555,0.14549489847283387,-0.03329355619007666,0.0014492589639483204,-0.15182947625274573,0.1476731956653091,0.3967488507102704,-0.03191211299243321,0.503344584168273,-0.014447095672868924,0.3439590601059852,0.08662905074473533,0.4649170276174574,0.24795262678779928,-0.036357444945875575,-0.10080268742622679,0.27901644569731937,-0.010058276818150079,0.25480490423678004,0.7782890966260698,0.44974759379817403,0.30000349043801106,0.28943102661409903,0.31857410969356365,0.44134959255678424,-0.09398236331909565,0.07375120852287385,0.08884470251651405,0.10692788148229111,0.47274181383612596,0.06472846767710075,-0.03816603239503725,0.39408687902277467,0.15174893096555322,-0.047603819572338044,-0.023476727412797337,0.5146998627144832,0.07608180752796459,0.02896423795901917,0.14132243053809426,-0.16358935862198784,-0.008578295888508065,0.17481743279712192,0.22855716978945775,-0.05420979130695488,0.29874842819819886,0.1430446777626768,0.22008229458226194,0.06649941633042379,0.365699926453171,-0.25869445090578336,0.14156742909567213,0.04330764358291838,0.044307780581078385,-0.08023906440349188,0.013366363294004317,-0.05137953769247261,0.05047744333749942,0.2067076563769928,0.058718499200814504,0.1530023814699872,-0.044735680432956976,-0.04113643809326294,0.348116920321088,0.41183330818684816,0.31242539360182076,0.09740151887927834,-0.14618431855094396,0.19222835359211227,0.2971529071924805,-0.06894483892061756,0.2936112375513008,0.6449117002089478,-0.2337842495654805,1.0,-0.09515500880464023,0.31417002371625485,0.18564972829601983,0.29637860269349936,-0.08501306671413064,0.07247880995272862,0.5197003021532087,0.3028211544995742,0.18437806104101884,-0.07586887916428046,-0.033940547499346434,-0.005855354449851163,0.15677410815714143,0.11585785067216292,-0.21710685991166923,0.5314250010728683,0.11129064400969363,-0.027970756136098975,-0.056741384792721866,0.074810948636609,-0.06505930340882815,0.18335324622870258,0.484347303027701,0.031442922760103416,0.6556034342684947,0.013422609551696045,0.2578956213799296,0.20331154598221138,-0.08287708900766053,0.23136505185567127,0.3726545018209645,0.117069901001651,0.33285895407973126,-0.11520077317102073,0.0011453788638514186,0.24698322919468316,-0.04335758757891192,-0.10238368618139505,-0.22704058514744957,0.3763765227069524,0.1330372717129394,-0.07277946475863925,0.2757024968432138,0.2574638935153916,-0.09487428944624646,0.3283523997292542,0.24987820637422312,0.08495849607273664,-0.11810620630708453,0.30988659344240094,0.009109404083369573,0.15272450210931884,-0.06984459987530478,0.20178766047516464,0.2597638758195467,-0.026939341340207087,0.22301647006133604,0.10651567224185954,0.37232158391902903,-0.20100468580819325,0.3783199479075857,0.19646525135116163,0.5969950179170458,0.699286952191152,-0.03821318734426673,0.3183191467280062,0.23048687873967186,-0.22212043007894114,0.22095027816023027,0.03016946690867529,0.23035876606758393,-0.08932364732898666,0.23645701312118814,-0.15894415893236008,0.26496440450359243,0.1370298641411254,-0.017326494031607624,0.124331518461352,0.586294694065737
0.11270201700571901,0.09706728975403736,0.41123964505195404,-0.05763097951179253,0.13937729740048843,0.12542005247315052,0.12394881720535347,-0.028144813689392974,0.09486073654085439,0.037188551419076045,-0.030993063904382355,-0.159052235018767,-0.20374643002856968,0.4057410504606242,0.18894688051697425,0.18512848596765794,-0.040428064456915276,0.09000351298666799,0.48583924977920595,-0.23795547274733136,-0.0036294072688398188,0.22132182403461276,0.18534902844194506,-0.09855827554448487,-0.31726845858000374,0.21322018779887883,0.04251254621684063,0.14782177082256626,0.001248093367415919,0.12718461333312925,-0.029832968129479054,0.3745008396644928,-0.12111043426311116,-0.006600593882646356,0.07447608525860035,0.18782020022279608,0.3755921649469904,0.04146189095807168,0.1443781154974203,-0.0461977682363721,0.2588554616543806,0.03109317078744948,0.1419848306237999,-0.026876539032343032,0.1681761458354945,0.2530527671678909,0.16525757107769928,0.31689120699397033,0.1715081859780851,-0.0687130697024123,0.3863479565883252,0.1981332959929185,0.02629324308209407,0.0038744717084270635,-0.09236798745340345,-0.2837422743034064,0.11477803262200467,0.3923996657221463,-0.223402589061639,-0.2360855160879466,0.03829639883614834,0.532358533798369,0.15444131928848068,-0.01626346507520781,-0.08448804607612025,-0.17357736804590143,-0.11465889498057107,0.22458011253436008,0.07243138345489274,0.1062173035504891,-0.2203978278618041,0.3494869683497373,-0.18522357854059499,0.004833151897611684,-0.13236384623871428,0.07111489323704982,0.16523788482292723,0.1763895411043298,0.03969570121145106,0.15466313159416897,0.2359223317143284,0.14045513234319423,-0.16815696174533531,-0.018002896121595776,0.31929870422808576,-0.09588877432095613,0.4294093545581591,-0.0002615633552597694,0.1078458899524256,0.14112386448259315,0.09637333809113113,0.20835615005020186,0.09809637829198956,0.1828028987737095,0.1374432370757939,0.08712582582208195,0.4688094112631799,0.1701952050326571,0.145880403056305,0.3910872239608382,-0.06986252195030426,0.1600467452779598,0.41779790912716097,0.08312908453235536,0.2715204838215056,0.1818245070250142,0.17122281953721424,0.01493646270479211,0.5092344297467131,0.04546643980838025,-0.05868212410936016,0.03629520908615162,0.014872637101813664,0.20770966511580644,-0.12640758555119602,-0.10536784207700878,0.0421953420791269,-0.04383793655789651,-0.18850020390023733,0.13966404824189144,-0.09515500880464024,1.0,0.16441321520889818,-0.038388940814326006,-0.34003854516750215,-0.06512416738957975,0.15095373932875955,-0.052713576766349475,0.10753624618040404,0.28583496088736465,0.1034032116137096,0.0016334637920971575,-0.009386752656256655,0.14556737347633222,0.09906840925837691,0.09190414577824968,0.12040992582286841,0.10815860460224891,0.26567408376363827,0.05885391566115296,0.17752746943652434,0.13768133164960272,0.15448953161412474,-0.12381794125081026,0.2663380470892197,-0.15004139423540538,0.2798893744172591,0.10409455830235748,-0.22385545475332833,0.13350226550472474,-0.10417007021319231,0.043512210328428495,0.23805331278506164,-0.16419241819588537,0.3053609500810725,0.0034389603185158344,0.0531296124889423,0.014186046087238873,0.31054113086737267,0.20153560073349644,-0.09759517420632907,0.32508089513444155,0.016540755023079817,-0.08697805122258323,-0.07822054967031117,0.2170321433380434,-0.3282620877445912,-0.16751535184486857,0.1976258692825743,0.1586570441232881,-0.14263229850927034,0.38908072177906283,-0.3335284538760515,0.30035283478792457,0.0008803669551777429,-0.034425921393548664,0.12472042549194966,0.03916170888912758,0.30028613227393974,-0.062105799160881936,0.23462545898876003,-0.19136978719739864,-0.012080410093208883,-0.30622268062085806,0.10836039421617202,0.19809858846529374,-0.16316659276545864,-0.20195966100397833,0.47956088458489476,0.29294176918268877,0.030846089692444182,0.07262836313128411,0.19142462697420787,0.2093517722025927,0.1957793672589169,-0.2986435826827826,-0.006622339192920921,0.3221878139796955,0.4224470634630655,0.07024108373936686
-0.10425580713552574,0.16152220569983855,0.19321906175506373,0.43600563816454213,0.24663847445365952,0.591814752543844,0.212764120778338,0.24016459077896846,0.3443129676345273,0.4463754870856841,0.20991900671702246,0.2774243861967597,0.2482587915767553,0.1744985756073114,0.44239093262710566,-0.1236338607145875,0.01218907651208543,0.5682478662012802,0.1570348043628654,0.1116295907664971,0.4074534639172914,0.2445333304370703,0.13556084053014772,0.1991733777251258,0.2669845747260404,-0.07345286858206655,-0.12221719533758658,0.5999976830706736,0.38995707878257435,0.33919584399801384,0.08893658393836025,0.09307036280676477,0.26067659079859123,-0.03619858414045446,0.2957505441522889,0.5119112410094776,0.3554332377333684,0.38778780140703845,-0.03542743881158662,0.32961604550724705,0.4364232072618314,0.38773356501603573,0.20155602956533275,-0.1260293710674895,0.25493619245975996,0.24912596828733663,0.2577138550171606,0.3538391831491863,0.11793695158061067,-0.07547734954576657,0.063077626636815,0.21681420152391942,0.510279619521512,-0.05547320283949568,0.2969227514475498,0.20072993326814348,0.3749474202798983,0.3748288433123871,0.17079352827800617,0.4093422797017969,0.19407049873427235,0.04965181824227635,0.259941170326335,0.0252653011267159,0.35045970351739936,0.28740174854531314,0.19697176033933947,0.4864963713888724,0.37081844505369727,0.2104075360388275,0.4118580859067507,0.23947312794801492,0.2214916791713853,0.2296068536835279,0.2782739024361962,0.6277632052334744,0.336330770086112,0.39156651955125443,0.5981460154336837,0.45213669342421786,0.2175757633966544,0.15358840472958157,0.26514100258037504,0.17424774445008767,0.11501720856549677,0.29280601310252485,0.1656854636875812,0.18708246322533165,0.13587442006413167,0.38101891575148233,0.3372719546067212,0.4470506983360378,0.180089002576576,0.3801901901318607,0.02636856094252174,0.33756902620928286,0.012121044107097913,0.30237826161395387,0.08509049139066614,0.09346090665164739,0.2754137659557814,0.04436127619407955,0.5340957250431426,0.2161854295397794,0.42200304934999466,0.16003953348682046,0.2952015153334091,-0.18562455717182655,0.2444771924139141,0.20841301405335616,0.4558431901492112,0.4408750098810752,0.270865043937357,-0.09600294480935312,0.22873894518930696,-0.1663556204956492,0.24098610016644978,0.36322623422369266,0.39504101843931994,0.2785076348022789,0.31417002371625485,0.16441321520889818,1.0,0.10802390409339799,0.11341195156233573,0.09855793810692422,0.2310323848373829,0.3511020716960362,0.3512858842734362,0.5217466236233901,-0.025056313905118668,0.062025779674996444,0.26464140387947244,0.60317906710881,0.20539636292693922,-0.23847731805374653,0.4912889154183915,0.10824556437591057,0.3435158468390591,-0.06310952545189537,0.18709431822356187,-0.04444162097301826,0.16444907265955586,0.3378126682445913,0.16673700765679006,0.33914857426129935,0.1657703766109753,0.40626782622049884,0.21437708434567662,0.24266500742221123,0.0584719053358065,0.6752781614834167,0.24977753612980313,0.06655958083218631,0.3294979396503915,-0.20392132302377283,0.1293088914115689,0.031826985733450275,0.1974210854718201,-0.3047150592843912,0.3690997880580954,0.4715781761224064,0.2127004247767635,0.23912619642052912,0.14939933929325172,0.12040411870137285,0.3160688614552897,0.2757369693092971,0.005810511108551355,0.008241688953602534,-0.14263550204385742,0.1555706141315676,0.28049513946781085,0.20596655058627647,0.09815697404377305,0.4495218294185733,0.1480566679694368,0.3965215331794465,0.2600308422646491,-0.06610998668986919,0.03860561623644063,0.20423271820329342,0.14367467344635032,0.36211882258516004,0.548503013674508,0.31226690201183294,0.4601969909909809,-0.06072282026501479,0.029855137484063106,0.36318708217593776,0.12547814787963385,0.39391967455825705,0.2563339300736942,0.26911781931598494,-0.0018180959769379128,0.3032782236037954,0.2867894617262587,0.31060898185918906,0.3302282679299295,0.39992519402214655
0.1946424372207871,-0.005090121007825884,-0.07985598305881655,0.3003298250167003,-0.15191687012605334,0.0846893400763738,0.18514485448072643,0.09896126635278382,0.2593611341999987,0.10768548371528378,0.3393770516151007,0.19181757506182606,0.06465337056469715,-0.038958720162959024,0.3387222037914296,0.07100757704462439,0.5586893935366025,0.11744842221315165,-0.15301458133721366,0.28330109404185194,0.09884161897930983,0.05732393390047938,0.3307052258296623,0.1605426551334442,0.31929017072681465,0.14795587992305415,-0.05369699778984885,0.053588194473106705,0.01002120582359153,-0.2192783075194062,0.23916885314773206,-0.09587573212719039,0.3405959271575254,0.24904558024329063,0.23131950765314213,0.2604284277755836,0.030303376718775487,0.0398046979777119,0.21369894016780275,0.10571048149996072,0.3304318987723167,0.31116014112646784,-0.0543761275090979,-0.004713018662898955,0.2050644689844778,-0.06154596726138196,0.22561369698572406,0.1336413862614952,0.10528868552427699,0.13758181222650742,-0.2476112938070776,0.1587306264927178,0.28503269363869166,0.09529661797757208,0.06517870534416983,0.06567624324395334,0.028734677888538673,-0.05423771622235984,0.35585912975896994,0.06576034073457651,0.0008389000721120461,0.16426008320851868,0.10919662363277824,0.3029931538653556,0.10324638141856292,0.25338240309491583,0.3341033691446111,0.05231658602793452,0.2670153894682498,0.3768543753991144,0.40143845164744973,0.0261027504635053,0.23126209682426144,0.10994838209595348,0.3001486290816295,0.26274582712485656,0.415222118750342,0.09641629030054817,0.21620667075674857,0.3597615162828375,-0.025905796659655776,0.0900270876511856,0.415185408095357,0.2713826683605109,0.055288909418248974,0.040886737967000736,0.09846096157353855,0.12932881489328166,0.23676995027602282,0.13567193952821827,-0.019190118935078784,0.32318913822130446,0.3133220819143169,0.3585750733185249,0.07395745482275483,0.19795272388586838,-0.11378936207281379,0.042483221206247736,0.08904668029252201,0.1229456536422167,0.03437623894232256,0.026690094178469216,0.049051840677067804,-0.09378736455515811,0.14010309050770114,0.11929235663734182,0.25814563370391586,0.10770575128029038,-0.022265953409125232,0.3649600309554675,0.26064549680565113,0.062376751370048666,0.5687742540579771,0.13669502397756456,0.4016622240233543,0.19435470986647702,0.24949223965263523,0.2773081275890318,0.2582189577868962,0.40950051111922064,0.18564972829601986,-0.038388940814326006,0.10802390409339799,0.9999999999999999,0.21286019295383765,0.06331292009797433,0.06895039060656544,0.1192154249750226,0.13333668433902013,0.1648309084464037,0.03885600957765248,0.24289688465776668,-0.1305732425991165,0.056563817185033005,0.10163914446725206,0.06838659844065169,0.21160185396747136,0.22385688649378727,0.0805881515348791,0.08442761732161719,0.0682072387749247,0.05219937856292563,0.06746598009216839,0.39650587184398417,-0.0423418859057636,0.2685687791679842,-0.05676887191095226,0.08664358627010918,0.24274837796866472,-0.042855419770216646,0.09783713513382042,0.15828605746110866,0.026717178537327274,0.3786704681857138,0.1557485705890925,0.30249702158344866,0.11436687150037006,0.19640294248763768,0.2536338844493345,-0.05910071374345532,0.06114071417892724,0.17964760833771476,0.2169012932116248,0.3310811623881435,0.30704578641077296,0.2054963888211407,0.053643473559910226,0.03870649166286283,0.3981554389694007,0.1074451520318026,0.2532358794203091,0.21823132484917176,0.08157807049218917,-0.10424271546158007,0.09205513667223504,0.13550780206521948,0.26524521768657544,0.24756022523673832,0.05868562668247935,0.21341558550499798,0.20278580684231573,0.05176592145177149,0.1359516218622997,0.24356992768778876,0.2570442287243371,0.20996508636176428,0.24428280115712817,0.20057145765428314,0.15816634866137355,0.3068430308094171,-0.11275852394140892,0.4577921870540533,0.03542994878934445,0.2821939942846149,0.14878618635517477,0.11382036115252116,0.26185196811434497,0.12829135739189687,0.15123288071447424,0.1541007612131782
0.10552339255235277,-0.13501218997671158,-0.29419010521328914,0.36126766526314413,0.12934520736646363,0.15352387972494233,-0.21335764423377418,0.31658227216074825,0.3601521744145505,0.5257848210280968,0.21177174168939963,0.24275103039028645,0.6673545912928353,-0.3563283086134985,0.1317017554156976,0.07073605327182922,-0.09628235989654281,0.21024426295997126,-0.2950047358844054,0.5735235329186519,0.13248789583389697,0.09192633081172619,-0.05916028926555413,0.5244074892223677,0.6041417779132064,-0.10144180604530546,0.2797940577848599,0.059479578662280895,0.1225086227141896,-0.07134804591349395,0.11196441332359429,-0.32228133354034477,0.4853320121731587,0.17882004051087702,0.38777346018367537,0.2854078288712329,-0.12091406790833234,0.302019999362451,-0.37283285600812144,0.4707701486662231,0.15913425239493295,0.2643622345909286,-0.02424600527092506,-0.015145735412432552,0.181634301774567,-0.13751676104397292,0.29465291776210745,-0.04056885427551911,-0.3008205871804558,0.4001764997810418,-0.16809839596359114,-0.1661431547487451,0.16242496679399418,-0.033592375468051536,0.5898229511093525,0.153321413103372,0.21925578720058844,-0.15060025762956417,0.5213476764179783,0.357922070963948,0.05591895055572024,-0.12078528067961387,0.37357944371175733,0.17196017939386363,0.3217981802206888,0.5663340125193698,0.4607455392976544,-0.01559815620202455,0.008420725086300932,0.0696352476784852,0.4823938987091866,0.00643149088884863,0.287130581922415,0.09557545099500575,0.3140283701494604,0.35045771125138975,-0.008877291435728202,-0.056232120687175605,0.32791352249558203,0.3476752617375929,-0.1968290345656104,-0.24403818735947083,0.4769376554647384,0.35530156985716005,-0.01929203875930956,0.08808118074965118,-0.18048872852343287,0.152015074404922,-0.0005245995866833389,-0.002759039161377279,0.21923714954105714,0.1205430680901805,0.08433128435643464,0.26236298366343197,0.027262451637911,0.2313007035951001,-0.24400436369370185,0.14399468858111075,-0.07990597995244475,-0.08891948828029342,0.13157643023821658,-0.12114158769604663,-0.004896207602488926,0.052487388844200907,-0.032294853257306605,-0.06436403573876699,0.13703804839192513,-0.05832613533184985,-0.29452690853155805,0.30205760685777283,0.22685182202088597,0.24257690842902546,0.02706970308631394,-0.26937481059740925,0.15329342983143215,0.5011184688427426,-0.0005032141169896139,0.34594219807466653,0.6072382116745545,0.010332703686076106,0.29637860269349936,-0.3400385451675022,0.11341195156233572,0.21286019295383765,1.0,0.3482445337571633,-0.23453065358465017,0.4447893550660301,0.12779999917700247,0.05383522614716363,-0.21288604840215866,-0.18119362620540777,0.00646238434367424,0.20564310468376032,0.05358892044579675,0.02454201069559859,0.37182912667651546,-0.0708849218961342,-0.04755520113149331,0.03475595037729759,-0.19301179467415083,-0.23386297272939127,0.18875425056244569,0.3740375789918086,-0.01963559035498248,0.4285113224651999,-0.18738650581172303,0.33652689359909393,0.4381990669036661,0.13199560978697716,0.5204540005709738,0.18201940697281216,-0.026601319913594518,0.33922404928245176,-0.13849063762918146,0.21245787615951608,0.2198062243897623,-0.05180851555427132,-0.02078164696490282,-0.08696493198421065,0.49147877867823025,-0.07590927672872688,0.06772236314092397,0.1333362611581485,0.22063849583767955,-0.44548753445868067,0.6237878959395071,0.5726621607048312,-0.16986908221948066,-0.24767056169321405,0.29572578767171875,-0.24095737749916346,0.5060308844564437,-0.225012667542886,-0.005699755419802072,0.1374984694796221,-0.0852949150865231,0.21781722988540206,-0.19110708817257668,0.40248145986360573,0.01989245312999819,0.5147521967719005,0.26580747335908195,0.5150045880433175,0.3259100845398344,-0.07729349628471634,0.4902815094013525,0.5622435152621986,-0.29633045939528946,-0.0850332720683299,0.10174177085509539,0.11593701203206568,-0.03700425216566285,-0.1208266143980412,-0.2978708463713495,0.4555793794906957,0.3822244438833621,-0.029470507739092922,-0.22486007806246783,0.29906708826623324
-0.017422564093519374,0.2783717775013103,0.047623929704516385,-0.0013055182890011547,0.26144575590458785,0.08162910184886153,0.1304957673070534,-0.046794148481483964,0.09357872410832715,0.3959047764767189,0.5190117791157257,0.07583347865072508,0.050403908247803865,0.124939042497807,0.14762373216601898,0.00345611600229729,-0.037535985752915106,-0.02207766603489896,0.03018141795867255,-0.03397428140778735,0.09515925004938969,0.1429108761190829,0.25150224103055163,-0.06431734984836658,0.08357550892536043,0.06562801070816615,0.1548586181584473,-0.05679368086069951,0.09368386386652866,0.11489308073164024,-0.005832302072087019,0.05921653592433915,-0.15322516977230055,0.2799253998809436,-0.18777782365408258,-0.013927668627792534,0.05126759088226804,0.11617663453029074,0.04339977100001677,0.1306909066272979,0.1898098608057537,0.2134137146684711,0.2658598235017746,-0.03787475146168691,-0.15282592908392167,0.08217136514870077,0.10114925914829782,0.037325878191449294,0.208857482276538,0.2826368199949261,0.2739591310171263,-0.0025289840995149624,0.08220552335082662,0.055336185100112886,0.060698531268639035,0.2871149411771143,0.3630761974315236,0.12557884177796141,-0.07302226491107389,0.31085278900948476,0.2553101363708772,-0.03587413610079236,0.276237510872081,-0.15353299494546965,0.027526202380584414,-0.03408856026993293,-0.14075425424742782,-0.14551431838159062,0.01850383276467567,-0.020775739798330813,0.056024705415815036,0.37938061888578994,0.49308662360622546,0.32224821604461495,0.19878080516166405,0.05589414490228735,0.3687294335136715,0.37348102397039645,-0.09890703353031077,0.325947632873744,0.00039182722239650673,0.18938108823455294,0.002204809591029902,0.32371676957792983,0.010539665191947073,0.05183804452244049,0.1558578637964273,0.37518090845621055,-0.06918582711860993,0.20088477902561966,0.3340128345433239,0.06496488628725061,-0.018156391554544408,0.02617528631679248,0.2100563092323874,0.050781128541938204,0.21398063293552558,0.13272312515865997,0.18966731985974608,-0.020203301112992067,0.35524188318447464,0.06418960799783818,0.273097634543204,0.44247685456018865,0.03440275123831233,0.19865572384714947,0.21296736216775544,0.015540230305188401,0.2761039950232568,-0.12398495307786538,0.19618870760370477,0.13040697363103929,0.16918507508836145,0.09846916039649041,0.21460906870206106,-0.035697740851581505,0.3850619450673006,0.2914813919904823,-0.0545295572004425,0.2368004216541127,-0.08501306671413066,-0.06512416738957975,0.0985579381069242,0.06331292009797432,0.34824453375716324,1.0,0.003077041306667976,-0.16001021072556085,0.085676568654913,0.12212225587507082,-0.0048744633493060605,-0.06522704295095313,0.4021658146716183,0.051228036726718065,-0.08727914987869796,0.12281962653477951,-0.1016708501309963,0.005062619581966423,0.3051615541822062,0.04970712887864232,0.232806780938623,-0.06334082558021467,0.002047111328547832,0.11505696159718032,0.2959727759152495,0.015732097927414226,-0.018286444055338,0.19465755906131813,0.31096332236173463,0.2252483942443981,0.35662867450004615,-0.047035173528086095,0.21842346163585816,0.11072959971006949,0.10297816129735778,0.07810460836815539,0.002672206285091857,0.10577965710181356,0.10078317454946721,-0.04466967084970202,0.25206128963839164,0.1799381450158393,0.03653054847676841,0.11761136748327938,0.2657643455814933,-0.012713407751115676,0.3047069850650952,0.07068583410938013,0.24495712075472023,-0.02641596393248714,0.056780859751935364,-0.10147124287069632,0.5041116802314484,0.20509988632366927,0.03587774778236335,0.19832311831395372,0.07290915144199175,0.08176093766019796,0.0656099670797938,-0.11109163164475937,0.06721291154019175,0.15384309855279876,0.31520594103628763,0.08901507610141321,-0.0468445398601108,0.19793135341709847,0.33208602010254057,0.06426468099073997,0.045069544314203736,0.03446204061789822,0.30882054574911966,0.1513024369570144,0.19117319472225464,0.053202154670824134,0.05352400312854485,0.3461051898855593,-0.06253090980957467,0.08382249215007018,0.11654660960425636,-0.024408648055607114
-0.14330518696538105,0.4376150712427605,0.35531779305055744,-0.0627736146491896,0.28216282897947825,0.5361078461795397,0.7760221489022492,-0.14096797560469565,-0.03748279951315084,0.21415692546042517,0.1904476672679153,0.2992479606403659,-0.22362655230345763,0.37814124854115216,0.06195329818715302,0.006476260811398227,0.36777097439380957,0.2422437379584834,0.2669348015829125,-0.3671898307038876,0.20638117171574236,0.4417455491634853,0.5214709885291593,-0.08574297564320077,0.10577720386674631,-0.036011393854898356,-0.23172371554388752,0.14101122728849924,0.36493245377574707,0.44712569558843174,0.11484395809099246,0.33714883180980487,-0.1970749302481545,0.20114065469925277,-0.15835107424170167,0.07204770362705042,0.37160040866811345,0.2690698308053044,0.50711966640607,0.13772657599870136,0.31858039099617325,0.43557335291652355,0.14816470100861798,0.07343573970895233,0.12611376290730422,0.5883735441037559,0.10298385241884747,0.33789476761790366,0.583300383082005,0.13124629767717183,0.3213387258334225,0.49080664811612723,0.18102440636230702,-0.03495935555947768,-0.0072166251428703275,0.12297029947268462,0.0990091453163632,0.397586019862361,-0.20102907738966438,0.17537123389925227,0.5314157218015265,0.4002114902107058,-0.12927480855522883,0.23055859290099767,0.17880735342160115,-0.11189829852326813,-0.07309549607296471,-0.043269429851986035,0.12070456003361481,0.05685381078119973,-0.21427342542133784,0.1693026048688406,0.024953138909175034,-0.0068937706147407865,0.5612920206258256,0.29259871483280936,0.25745375855842617,0.15760619180002972,0.09790161768341864,0.2578666726486367,0.3089576904992647,0.6087861974320672,-0.2407651039452434,-0.019000573746085096,-0.035158616570068364,0.279967811617067,0.24745503972923683,0.07837981389763139,-0.0008917319859758527,0.09842316019349973,0.10157169828499715,0.022997235724059626,0.4731389926457379,0.012659323618981628,0.6010255758652137,0.10309763678814919,0.46616811479397685,0.1131466395616648,0.4303047629770101,0.19447158079452836,0.2145447626115994,-0.1403503283960161,0.2548401579136306,0.29955302589306143,0.09372649281580908,0.587975724514026,0.0886890289822452,-0.16076239285691885,0.3335236869540843,-0.002515639296007636,0.33403254999968646,-0.08776173521864389,0.5881392173839183,0.5369611846162734,0.32246728957825316,-0.3161972233465902,0.15911697275260797,0.22141680538601846,-0.18147008833222086,0.41780252774878296,0.07247880995272862,0.15095373932875958,0.2310323848373829,0.06895039060656545,-0.2345306535846502,0.003077041306667976,1.0,-0.2688350622771059,-0.16861789740922406,0.12597162645088858,-0.021822636153099362,0.25473689153036055,0.3346875072988517,0.06651290344073625,0.13273059342677213,0.24687196290765664,-0.2157784082825463,-0.18593592256467012,0.5339607495022322,0.10520577618494728,0.10959493331033536,-0.049603073372901714,-0.03182156200553385,-0.10048590934693125,-0.0009826184193807842,0.13529246220553814,0.32493239821447834,0.0311670627372113,0.2693648288859831,0.10756188066814373,-0.021651646126162948,0.0932272641942337,0.18479712881907814,-0.05806171932771755,0.19618955508401054,-0.0033169140215085977,-0.022413193173029165,0.06277783097012596,-0.029578161096244945,0.2049517756604431,0.2899730145226013,0.08408859095925524,0.49694582941023785,0.5537432255384902,0.04059583715578574,0.8179896033217916,0.03508417083591755,-0.12638599907503417,0.29750319787349144,0.014400348362982833,0.0192761669982066,0.07972319846297798,0.11661210816524206,0.5401992951937685,-0.018901728887058936,0.16519585714324514,-0.09476399411658745,0.15613073533119684,0.08948541618617484,-0.10776879519719239,0.24766532305215538,-0.10812396681699388,0.4394733584357361,-0.1092468105866716,0.12128286023709443,0.5213730791279255,0.2686195708615776,-0.14135403001152638,0.04553354791097818,0.21233254307383895,0.46212633750214344,0.1506660928070155,0.39704767678252045,0.30966540344880855,0.07583960871011693,-0.2925360895976389,-0.004286978303770686,0.15324342802878937,0.2951067359474814,0.11030106038689061
0.129358685537884,-0.3154238923438671,0.08557451066038098,0.5343665453106098,0.013548173725949023,0.2344238717797712,-0.3101741782488588,0.4263412268988489,0.3996814467029798,0.2977112950939703,-0.20876698595023468,0.2326284988609826,0.5510275382146855,-0.1929670674713289,0.14768555199322034,-0.1375906980658827,0.05258514383445721,0.5615656414206688,0.025271488939318857,0.532844350791861,0.09626534837931477,0.1424426852547884,-0.3055196939121393,0.7061020459626264,0.5501847427552655,0.02004118797947048,0.19331109732401208,0.34793361327453115,0.22270714604764216,-0.0933693002768416,0.22139012176140718,-0.45492398924241406,0.5969775081008201,-0.2432961066772698,0.7009297909092889,0.5361139211668505,0.09759407423911284,0.3062262966136663,-0.4603628833068409,0.5113536331044453,0.15398878122973972,0.2027735136455733,-0.21950013142257574,0.04068331799982694,0.43385031985613526,-0.09679897881252335,0.18312134927507054,0.2683082014998349,-0.47724231232487246,-0.07128722359598183,-0.3714335091458403,-0.04835624364587312,0.1638888185446201,0.05111194180817198,0.5789619109539592,-0.14199285947074516,0.14877549910968954,0.11636076090698602,0.6083014511315143,0.10163631963482181,-0.28174520419418475,-0.10508959498931539,0.27293927264184437,0.17970476895509113,0.26334465308803134,0.7580409067159182,0.43685033958689146,0.3775818680830352,0.28984675468946475,0.11840835534068085,0.6345234195901108,-0.2776842465709571,-0.09773788209198381,-0.25661873137909946,0.04805104748386421,0.4474487677636881,-0.05212229764949653,-0.18241381302816834,0.46414661152936676,0.24869086593847622,0.12110084528118191,-0.38896817332985906,0.6272311868257767,-0.02952386257125737,0.38336826954187664,0.07434273996166328,-0.1437737545963753,-0.27319891019816833,0.35184973146461146,-0.07947635012009469,0.04317731997600041,0.2179348402233737,0.03750201538748338,0.38789904179054174,-0.42720762127419515,0.3741315222912714,-0.3226460082573879,-0.04110076931447872,-0.44298337392581505,0.03744853632742485,-0.13868603606659013,0.08114498610438571,-0.03581731576724166,-0.2771874998138323,0.340193723418155,-0.20102060871760216,0.000757296414103709,0.035294560742774206,-0.23408740262174013,0.47210510496558156,0.06021822480545645,0.3847986223062348,-0.14420299992456598,-0.4789422766756659,0.16524476736940485,0.37224061108317263,-0.2717462666391219,0.18386451373748947,0.7637431759015626,-0.017037919345258782,0.5197003021532087,-0.05271357676634947,0.3511020716960362,0.1192154249750226,0.4447893550660302,-0.16001021072556082,-0.26883506227710585,1.0,0.2067286882114741,0.07539863428563158,0.01576083199524019,0.045714657885401105,-0.22084346940741206,0.2295072429983101,0.05502637191640487,-0.18852213321662886,0.7332391328430613,0.27387531463153203,-0.14577423989831179,0.047214085096631025,-0.1931620774568194,0.08921840850419853,0.3877645337975448,0.4274329781128702,-0.17518704060550574,0.544910564970281,0.03802810106426814,0.3143417668137399,0.07869624323506677,0.022426024785925168,0.09185738879876237,0.38607536505499906,-0.0722795766366166,0.15216319905081405,-0.07772338780793994,-0.056223752794427186,0.17807808123618676,0.103058049253822,0.06262531076029601,-0.30070349418632075,0.2242904878912348,0.04493661865781635,0.18246110620280145,0.06099762601683901,-0.10152178140399984,-0.32881656745842364,0.31235823510119004,0.5953929823483183,-0.376713871999372,0.07149450442018887,0.06654906134213057,0.11450088538988525,-0.054125645864219474,-0.2457177846540665,0.12969537079419002,0.43316703445632376,0.19599014236008017,0.20645585436784802,0.10338693147874296,0.41469229521273243,-0.1457079547705765,0.23667237927541654,-0.041368113566412304,0.5408403647033235,0.6375544685919706,-0.23291334791469356,0.19132310117473167,0.47531001555454655,-0.20449834029374753,0.13384706686634393,-0.2213556000690564,0.25670186224845654,-0.14011389862134138,0.06216794274714667,0.017001687687603226,0.26532782607452676,0.6221040640549774,0.10453855543935898,-0.1238290761162531,0.5225640984521029
-0.17156691278044708,-0.12615380460090428,0.10555287955568404,0.48883660777119053,-0.15002790082040676,0.10510435197131622,-0.0865020345182985,0.11697605459650363,0.13746766075053443,0.03182933178149168,0.10435299557497593,-0.06861344196990422,0.06791679861845987,0.07221801796901096,0.1796073990296345,0.03244036706364251,0.07422622830284521,0.16446402702180948,0.1448338690784725,0.2697891176551414,0.380348598175615,-0.1018818169009842,0.05848033546328182,0.11537373877326959,0.05304394532042053,-0.06987714011832548,0.07614734847891516,0.14864645008988595,-0.0024522767820411243,0.06279214334860489,0.08097149515350882,-0.14423306876538472,0.13346602156311294,8.752672219602087e-05,0.28193466775553194,0.17048093758046962,0.18259895118653213,-0.01988596382752757,-0.09476166216156537,0.05357057729863037,-0.018178803777274422,0.05907233696939142,-0.09243097461504904,-0.16392899174424105,0.23830247213459468,-0.08537320678793024,0.053063575351732756,0.07479909702628447,-0.09920118778113551,-0.07146949141532219,-0.21199394581243822,0.05338313823404012,0.4072100989030825,0.034245978048183266,0.12019050751840085,-0.0604551776202595,0.19124031367312067,0.058700903047177885,0.159243273876562,0.12022743305801,-0.1842582635344513,-0.004227116795165393,0.18130954308922098,-0.13294572598965382,0.1475666811093571,0.18312257069164772,0.24447795921768864,0.4352319257993035,0.14973931927521109,0.3177864626627498,0.38036178910312113,0.14536955825262846,0.11586733461809333,0.2515037956137489,-0.16632035064499515,0.30684430475746644,0.14190876852892903,0.3019646680603157,0.23428289123780774,0.1404846305777543,0.05196257188292923,-0.14521829609501255,0.3865821854909228,0.2392368754873454,-0.006881215658561306,-0.013990488858794696,0.01561759870842154,0.1724782582364137,0.11278837303247392,0.07719613558245694,-0.03611686875031842,0.36944539356562345,-0.0032768095998381044,0.2998664247523746,-0.15494701964877491,0.027174255545396535,-0.1251725029164611,0.07340533637562628,-0.05155093863059728,0.0006557842498713779,-0.1388711802436576,-0.1367483705148232,0.045412812740956716,-0.017902804875667755,0.2564904597946793,-0.1469548314713484,0.23012441140556397,-0.038374586252828684,-0.04064362523495462,-0.03291082191448469,0.15322505261595804,0.39909296810572004,0.060703890926311975,-0.03131367557628994,-0.055567217281973905,0.059618972779412895,0.12347603184957263,0.1429347666675209,0.271033253259124,-0.13382196804728452,0.30282115449957425,0.10753624618040405,0.35128588427343627,0.13333668433902013,0.12779999917700247,0.085676568654913,-0.16861789740922406,0.2067286882114741,1.0,0.3269529916078786,-0.21314080398795968,-0.02844309067051355,-0.12449628190391201,0.23646692654287732,0.02737339165384242,-0.09631837013886774,0.4707641376622252,0.20834085224031448,-0.07576590345774022,-0.330279105187993,0.10783953286598741,-0.05453202414131157,-0.033118861595461783,0.19137398743432246,0.1417514639814757,0.1876044040768217,0.050998922466923516,0.17501348456669977,-0.09278722951048568,-0.07703975406347338,0.07560541069764415,0.3481635560846041,0.15347580962237742,0.2663901022754709,0.0010611656065660849,-0.02527616857301481,0.10159524797771331,-0.20876517670779351,-0.016549334239114737,-0.3554679869969836,-0.021620049415271004,0.23226498574392068,-0.052367547413084164,0.11990839972665907,0.22964277523855325,-0.17362381404536076,0.023054163488325872,-0.05977496713840624,0.09519555628015972,-0.05308216285916071,-0.0389582832560394,0.12604089631617382,-0.003108534514025168,-0.15448344443955084,-0.03543077672195028,0.24742144797741522,0.12450211299035213,0.2618973375295519,0.32782606891649163,0.07009864137497362,-0.29216874199976595,0.1579588267590482,-0.20349810536679558,0.18944795232664094,0.24325556938636797,-0.07869482370410542,0.0003552263689645162,-0.0848049218340107,0.044966374872300686,0.22801424203844578,-0.18532596805215498,0.159116256193441,-0.14703524341870522,0.24087149652183462,-0.024203249971402396,0.3301784771371993,0.13613092942612612,0.1358701320755587,0.29283856257598123,0.1934097924956216
-0.08403451442856257,0.22779770198221094,0.30351530544601085,0.36553583815700924,0.17237952558145278,0.37055408671588175,0.2482674610000511,0.09710739524038707,0.19045111868636402,0.36523442896250413,0.1939078776851092,0.15907808179868269,0.09220742742035137,0.2550835881294883,0.6397304855910115,-0.20473970721524978,0.06188194129102856,0.49105380171616164,0.25828848067666177,0.07879682796592181,0.22472701386844543,0.32131769076899036,0.21005763681488782,-0.011283482615505819,0.0914317084634482,-0.030740430559611582,0.11702873872671374,0.23914557681852402,0.26960557000218605,0.3962494974453234,-0.060292742545254574,0.1128473100598068,0.030830744465777243,-0.08110221846560385,0.09599180641691521,0.3818675782747372,0.446527495746,0.15084205689543914,0.11698843212372456,0.25635033872906265,0.42198525560654115,0.302212064107323,0.2673763321855896,0.04749316377677358,0.3593101974826239,0.2742856893224744,0.448639174960622,0.49141495225720666,0.24320681792444798,0.10697922456638914,0.10669602401917254,0.37271120942040725,0.4161771307687755,0.19224228803507268,0.21508953329622577,0.1953334975418135,0.1731438251821947,0.31722374098598943,0.0627642440331171,0.1822864954987541,0.2045006921328852,0.13513035973363685,0.011517923408938596,0.04474333333386671,0.08719133394720738,0.04788879299304283,0.16748796687550385,0.5516370912310967,0.2642143906596307,0.31302136192893254,0.22891729295521146,0.2857212502594734,0.09725214098324762,0.1825538411824079,0.18285191197757994,0.49740593519495413,0.3393084336507343,0.44254543288465054,0.3261548626746187,0.3086606423764692,0.2737065075925308,0.2641407952677563,0.20230453700877135,0.2594319322411841,-0.04372854401549005,0.22918913884085346,0.28832210125994717,0.0015176919970700448,0.19420659166708146,0.29159772529857925,0.3727439814677548,0.49073221571828685,0.16393738795468613,0.3529624320993241,0.19112531096912347,0.1378936467356977,0.04968790591633033,0.099488116075998,0.19309934621925723,0.0860380785945538,0.14728173918543294,0.00736657476712393,0.4147341123564945,0.10718519311522488,0.39266851560699706,0.16237441934978925,0.3586777047079327,0.07150959867415392,0.3420820876548363,0.1478325646870483,0.4208834170232935,0.35149661728066833,0.3126171966320265,0.0966069457551173,0.2503837551052319,-0.33921471305995915,0.1770938795028888,0.33573339308767286,0.21714951141210284,0.12835971377462652,0.18437806104101884,0.2858349608873647,0.5217466236233901,0.16483090844640366,0.05383522614716363,0.1221222558750708,0.12597162645088855,0.07539863428563158,0.3269529916078786,0.9999999999999998,0.06863425307143492,0.042872052029511394,0.1255987280540511,0.46075323271075974,0.06230078724755952,-0.16563879606074328,0.37466026971706345,0.18201760956133414,0.4132873276892559,0.028847208696415997,0.0524368985314575,0.03940167895196634,-0.0584855779887125,0.1628761443535481,0.2912793643679183,0.13952771955667118,0.31555738866317035,0.530291400581194,0.17518188626330133,0.07165831777816487,0.032947902052567604,0.4368867257895456,0.2455771306596843,-0.03998217984514036,0.5108249305341065,-0.10651596652753227,0.14292535699413803,0.07841288983573816,0.18937370911423004,-0.07476752831372535,0.3353530136459072,0.441499057985797,0.0783907342549957,0.11997017497781741,0.006189488539958138,0.17062463658291988,0.17775911343924364,0.16158524894321016,0.28293807909960395,-0.014256009452996312,-0.20119910327824375,0.21539573592160705,0.14449866295430885,0.2405126902299222,0.06425739616062542,0.4502212154403681,0.16096126090062401,0.2717232875104858,0.3684727768083674,-0.15841695943959794,0.09768243155886912,0.14547674719000855,0.0599390186707242,0.0726330982287812,0.15793392722340852,0.35719935551737286,0.3261725221146493,-0.15988188861223973,0.027143320459891828,0.4376048376449102,0.15003342416818122,0.29113630708250504,0.3255543119694904,0.568095947783619,0.1256048237223202,0.19081275691648972,0.1382685551456853,0.2909311181927806,0.4824422583939726,0.3255962674083675
0.6826113315451712,-0.2092853256129211,0.10541848591764126,-0.04096327968757277,-0.0642444164338844,-0.29045121901515564,-0.1685182197087415,0.13683582886776569,0.20866411570428714,0.013305005893699796,-0.16724780159019342,0.14288098038475838,0.05902334048466963,-0.1521669481411079,0.26202219450821584,0.07229064003494196,0.35277449824885376,0.16612233355847733,0.019989805384688215,0.07384096081307108,-0.029934852417268253,0.08544347127056132,-0.12357801531556815,-0.04563094564935251,-0.03370360972423497,0.7783861214009551,-0.1732832722447934,-0.0860053082534957,-0.11442861138570079,-0.07154667640300355,0.3962753382725827,0.025794492262219547,0.10394738756393775,0.01351717407791876,-0.012119483505819144,-0.05353182467580058,0.14196734275368278,-0.2135721588624041,0.060785412565176625,0.07566168056834344,0.2231479707064312,-0.048991977865772314,0.05126657153867753,0.28208093930728456,0.12826765007209373,-0.15051633983159715,0.17542842584081558,0.2688045332830306,0.037451228257203574,0.1907924254950229,0.04360790478574056,0.10496570434087808,-0.010767938935944528,0.4438732716721203,0.015024358463964457,-0.3630505755820724,-0.08326266781685399,0.011625795792373658,0.2008917222568375,-0.13813726555306066,-0.338792967155479,-0.06005035047729114,-0.13779211451288326,0.2127307015580602,-0.17372426189740472,-0.19363558144653892,0.03586097501265589,0.07578409207777886,0.07861580253052734,0.18203794157894204,-0.010395362781920431,-0.17993090999012218,-0.057465377830625726,-0.23135369500739444,-0.10316346293125367,-0.16959446069525608,-0.13137956056928365,0.019423264584324668,-0.03941934759184469,0.034855268321431224,0.0999858450773662,-0.2373648816856974,-0.031351455292259814,-0.05563182490587166,0.5709610790505112,-0.09290420975370967,0.10528124319975783,0.050223429016859285,0.24318517898994732,0.05642644258198775,0.022853246487086944,0.01836538796893081,0.030297038782565427,0.16766993963567534,-0.2263420763224109,0.23489669175296027,0.1726126806210951,0.07013006274634696,-0.2356557881708691,0.4706105775412395,-0.0997784123035666,0.8212698319464621,0.05044524020341491,-0.2307667810479246,0.19950611091982984,-0.09088251533350837,-0.11695818395995063,0.4293658072275256,0.19678933438545845,0.0643772865934059,-0.0030603384519191134,-0.1587508509960451,0.06712059801941324,0.17798008145738933,0.37431285639559303,-0.20016360529490884,-0.21282947156987891,0.029754954311624972,-0.05707136886274275,-0.030918261529007632,-0.07586887916428048,0.1034032116137096,-0.02505631390511867,0.03885600957765248,-0.21288604840215863,-0.0048744633493060605,-0.021822636153099362,0.01576083199524019,-0.21314080398795968,0.06863425307143492,0.9999999999999998,0.517087120176072,-0.17927525172186332,-0.13033264338314585,0.09795249148469208,0.09183212344089499,0.03766393816929466,0.6057894458679635,0.0025733421733355175,-0.062482832198097756,-0.15985117800133583,0.5126602560926515,0.4250723073193227,0.14497647007440176,-0.06373834660798396,-0.15771647770761646,-0.01156727023315643,0.050205535777001264,-0.01656840953174592,-0.25305031388221483,-0.2689787783222852,-0.04839825527255098,-0.027572715115460042,-0.004802210966673955,0.1634564278828158,0.18894156763691375,0.13069570108337578,0.8701874931381117,0.7419394010599742,0.24967689411644503,0.021797123569327618,0.1909478554661813,-0.055719295312609836,0.08137902957283848,-0.042120507854333814,0.04103864008294177,-0.10571895355592287,0.1267812618847428,-0.10816285001900221,0.7800678515629575,-0.014915485461665327,0.5733997062653018,-0.21301677421222118,-0.06991216063201665,0.6961722911985395,0.15840425834278427,0.6016348642226007,0.10507167439160832,0.29904827300219544,0.09096961695169495,-0.09623354954405426,-0.16332809198824572,-0.12684078667910256,0.08755208512605706,-0.1145291891514562,-0.036479611678306746,0.12190459200737518,0.06361873244244906,0.3489629324130191,0.08300794806452208,-0.27373593376712924,0.2726778803037536,0.06961827211992518,0.25521945373726806,0.30241285996389544,-0.04744256392672707,0.08798992830266572,0.06660425365423393,0.10194700894958743,-0.024313982611589974
0.3843094878441901,-0.08889152320828403,0.15165364312033855,0.10508721580100086,-0.057505678897905116,0.10345822578512939,0.11080961361007659,0.0502225112267973,0.28096736757167967,-0.0325080980959249,-0.11597782227691594,0.2922793190285399,-0.059756633706962624,-0.14866963143810533,0.09689024037076598,0.06466875923289453,0.687617029076416,0.25342729821505916,0.012959781468901317,0.061555681290904815,0.17676991303257417,0.154075368127965,0.12455084629616414,-0.03222242438767004,0.22498500762461224,0.5576533455561936,-0.3503060629053516,0.032967448145320724,0.19417878504336641,0.041131653336438236,0.734235132362846,0.12008695827011132,0.08580012633688953,0.22742442168374902,0.03685169126602756,-0.014982390886135412,0.19776449173658234,-0.027995345984908118,0.10549762060244605,0.05678811181482187,0.3725149123101299,0.20744264953323904,0.05585729047018595,0.2774401379229871,0.14068701300388936,0.14535826528893744,0.10156724471738854,0.4681139352661525,-0.06736933632276738,0.26765286783557524,-0.07902088606570416,0.1614319401103693,0.1519335707312852,0.38616134654390266,-0.03541359466673315,-0.09523145815802832,-0.039864152599060856,0.09683697486742808,0.2906094914760449,0.11052439971604751,-0.06612515948447231,0.1946585429492202,-0.09317019084434729,0.4722538485405669,0.17300894642364292,-0.0796789170817848,0.0659667039567147,0.08822386371872173,0.042047682373673075,0.2726190328636369,0.23713236273517796,-0.2812358641999004,0.16636683866203553,-0.13141329942924568,0.05081657571588203,0.15107412257164313,0.053028204141543994,0.039574321165180296,0.21458770287695006,0.19037501689161934,0.32242506319062597,0.02452130558778858,0.023456602643562138,-0.20177138262867134,0.48293803044811245,0.08665099788636817,0.21536968479420776,0.10093438992799275,0.2638750736377639,0.15960973867650688,-0.028362549347225992,-0.03506554242665722,0.4807176933888083,0.03289547324199502,-0.15635213707016166,0.0793330929564972,0.0632116541977964,0.14862748962799846,-0.09904999466194479,0.4374862311169091,-0.09164372273191337,0.5474367164157589,0.0523504799709375,-0.20012473221236418,0.22595204752526138,-0.09211763354856042,-0.2451713298297771,0.17961051158690364,0.043392147911594965,0.2176186379286224,0.3042589239774261,-0.18886363227386344,0.22986737677644226,0.4154418228413873,0.5232025371988986,-0.16665597245140257,-0.11030007310359087,0.3290885484878398,0.02264777737126515,0.17280199167182386,-0.03394054749934643,0.0016334637920971573,0.06202577967499645,0.24289688465776668,-0.18119362620540774,-0.06522704295095315,0.25473689153036055,0.045714657885401105,-0.028443090670513548,0.0428720520295114,0.5170871201760718,1.0,-0.05541127069455691,-0.016064101633817003,0.023248840744861072,0.3466867092883103,0.05857633056536953,0.5174744996119547,0.1584112148788515,-0.1698015306181936,-0.07421166823114982,0.52710846411057,0.3459839204077526,0.26721819620309817,-0.1797231506436922,0.009746747653483259,0.2715609635257893,-0.09393992317814447,0.060672028705007514,-0.2525093690731036,-0.1601844093946764,0.271639246529328,-0.15386376851338424,0.16765619783262134,0.1354881023114945,0.3774842039523571,0.16166311517930174,0.5215505333141106,0.5541243417548508,0.09966358059762116,0.08525133341664705,0.21068893993234747,0.34257530619877374,0.4510677096255373,0.02005849595080504,0.32979373809900503,-0.08035404998293331,0.05914273132756938,0.07386795967507719,0.7741952047072088,0.14415332212419585,0.6106703225310762,-0.180220464915054,-0.03731086176905456,0.438337369009736,0.35170820090982347,0.5153441648352435,0.1870872197771854,0.2928405931922596,0.3336660403234079,0.18503161406043808,-0.21390496618328253,-0.08864939621026556,0.03720960205874606,0.04734770537008113,0.10575498994378082,0.11948507395296856,0.07454060314025301,0.2903994989987112,0.15998831135463318,-0.2597956891469414,0.4612495811999637,0.09442420574932413,0.40930601923905874,0.3528225295103034,-0.08497844180113517,0.13910504094316833,0.23894093029971486,0.22687564809993627,0.06572136345367699
-0.367057722793461,0.6826299011217969,0.31179100736471915,-0.009031898147590117,0.6223484922898618,0.5449451202881823,0.4264619740453233,0.09646434468152289,0.1656252191876166,0.2564485079529154,0.5147605835542647,0.30948589992123365,0.026795458042245764,0.44744598920001083,0.10804316825331955,-0.27760805397405697,-0.09255465592242805,0.13255974780927157,0.32109543342193436,-0.3099794392831859,-0.0016933246554570285,0.4250571536714141,0.30376552847115396,-0.08687625070231705,0.12270499234266118,-0.20732123885291193,-0.01751669104868471,0.1652480369022141,0.49403581334884794,0.3147021341249386,-0.07814292105067507,0.3418862198606425,-0.3256474214053849,0.1367330546962354,-0.16700297355869667,-0.008346985522990225,0.2608297879183685,0.40002478508872324,0.1978730928319153,0.2788115094048498,0.07140644442130602,0.36341663271785435,0.5067280097682683,-0.17321880571605455,-0.0041984779309050205,0.593040847371375,-0.07389721532048643,0.18853948810461385,0.48272851977007414,0.08878451631488186,0.5522329739198489,0.19384961072612042,0.14405214143469636,-0.016479110001823335,0.10690037558398159,0.4597928320722768,0.4834294126496618,0.5333078201755144,-0.28255583245355825,0.2469891732651405,0.6697011275340617,-0.027203437956260117,-0.014545415576504786,-0.3049203128468153,-0.001704561512712971,-0.0047687481736552375,-0.2051129714608806,0.07175111089147859,0.2560459361201414,0.10662072198061853,-0.03461646929848889,0.5677044223470371,0.4942764654859605,0.361681772223968,0.40713115201666533,0.2868641274082064,0.5338676624949659,0.32305053200226364,0.08477629687855298,0.23917136854481005,0.402727351877913,0.6935996221064423,-0.1420664781575371,0.08851374163650179,-0.18259086254424498,0.23043869821398585,0.04477767940055669,0.2628948995157181,0.0755529586016655,0.2150027542190833,0.5494132265996354,-0.07292621729368114,-0.03057723266327342,-0.1875525681812731,0.3925675888985235,0.03741845925320813,0.29303490920136127,0.33838808472809156,0.3507873776666967,-0.2099993032899944,0.6208669223606496,-0.08717370996555866,0.3536892541328976,0.8229447032842655,0.20051354213947942,0.4474208622310511,0.2129552576927615,-0.055232308428913475,0.5004317474423357,-0.07844831976055926,0.24046864917191374,0.11605984432957007,0.1235097291962412,0.10682858748115336,0.16567386298995787,-0.392338673950312,0.48909111337458194,0.30113955417127136,-0.012629074339672515,0.28416587642121843,-0.005855354449851164,-0.009386752656256655,0.2646414038794724,-0.13057324259911654,0.00646238434367424,0.4021658146716183,0.3346875072988517,-0.22084346940741206,-0.12449628190391201,0.1255987280540511,-0.17927525172186332,-0.05541127069455691,1.0,0.11686074100249572,-0.07933512239128211,-0.11508644219000025,-0.1810225655940745,-0.2526803322825997,0.6383825131295122,0.23488545645041473,0.44200357904369986,-0.07432499993897096,-0.2760111657403731,0.20567685805804892,0.22672650062842276,0.1358281824229088,0.37437729520139684,0.11033983970968013,0.465313636335077,0.5206821452603424,0.13247312104866996,0.28658117526964616,0.3143682762039815,0.08743207070903461,0.17651659447639,-0.3301819362552848,0.04286618338340823,-0.07833427793715515,-0.1260951304671891,0.123942431764955,0.2529568869231034,0.13378627760382653,0.18931768618073022,0.13455249218523158,0.10551368672857717,0.27178750314369254,0.4246914047801868,0.14005413739356742,0.18997011327781432,-0.10635626060700483,-0.11365028056114618,-0.13969473669838803,0.6028370166336756,0.6439699863066757,-0.08596405261727479,0.266842461027104,-0.1739798202972329,-0.03916797901262735,0.2338761904833386,-0.3333989988648468,0.31196721281956946,-0.0939141071157477,0.5640758687640002,-0.016177103981656667,0.07406483628851541,0.6654212576909764,0.4998970228429433,-0.17501870817819498,-0.1231781820823649,0.15093790512510546,0.7093003725705573,0.17346446503667248,0.5371669435633172,0.02398732125940766,0.033290855031651204,0.20360200733485387,-0.08912515610469528,0.1308804932312656,0.192115036132809,0.21155927851016557
0.028762496851721248,-0.008206672515317268,-0.031042543995392344,0.2697215773560325,0.04199822142779594,0.44882934250476125,-0.04716717085179658,0.2671413727790205,0.36294787605291534,0.25173570873008827,0.06839246768723702,0.19240859350274775,0.1740960723128265,0.007249823740467496,0.3451666510714426,-0.15458848961500304,-0.10784772741042258,0.44131939332204667,-0.06672239284380757,-0.03912942160138901,0.33219770410469035,0.10267489408980604,0.03890047216127906,0.12783226351973262,0.29618560528804655,-0.017216129284112074,0.051069741860590025,0.6287887734048636,0.3088656169837843,0.3463281474343303,0.19975362009554393,-0.012644655626608402,0.27330605229368965,-0.06795101267085171,0.2556346803506868,0.3454194911313119,0.2575574870356545,0.38168198217521065,-0.24184247257319919,0.167820933642479,0.3192492520072974,0.30538293111087444,0.13444124622174058,0.039489447099511625,0.28659946097960637,0.14167102929628783,0.2751764381098676,0.33563616448337463,0.051145055490273664,0.17673037500267116,0.06859303527861152,0.17025188831108246,0.25500269541135817,0.06836373472970313,0.23619435874967723,0.10069982618171824,0.30735025135393107,0.100455100746729,0.06859355872850274,0.43505596745864644,0.1644204116979621,-0.06165513881817152,0.12063225159905729,0.26418276861104945,0.566503464394419,0.24662400513920063,0.20938534978472717,0.3870451679730602,0.09928127651774869,0.1406775394228734,0.21601148447088855,0.12500755061046032,0.16657307963782855,0.15004845534680986,0.10192547158613548,0.49538476994546937,0.10630757878158612,0.18085741645736203,0.5372587183986821,0.292336538165308,0.04744921220127421,0.08437031215900316,0.13978409762541313,0.06950725751872719,0.17455924515258286,0.11026553525535507,0.12945827435363225,0.28148882696994654,0.13560980931954555,0.2747577041110719,0.17165210485519475,0.47441535169911575,0.20975269423641227,0.3709713170783222,0.00336161243811156,0.19070903226972286,-0.1412344616158115,0.29529924135156765,-0.0062466641389963525,-0.011117879631622928,0.2357978901622461,-0.0865881031775021,0.3450053640578688,-0.012404311404403005,0.2043268333256763,-0.00867209119899822,0.11950534020373829,-0.05572652062520631,-0.013523693409559528,0.23704157613139137,0.4425217811495853,0.21557892274893492,0.08987250649719332,-0.16043858298455557,0.10859331388717564,-0.044022219141024214,0.0676329212256817,0.37767090691255845,0.3396434353307665,0.12408655671428144,0.15677410815714143,0.1455673734763322,0.60317906710881,0.05656381718503301,0.20564310468376032,0.051228036726718065,0.06651290344073625,0.2295072429983101,0.23646692654287732,0.4607532327107598,-0.13033264338314585,-0.016064101633817003,0.11686074100249573,1.0,0.2677481149596092,-0.10552868027919919,0.4191352953308883,0.16467207324927965,0.14939720336970433,-0.15228310813574203,-0.04908422222085487,-0.010621213559299146,0.12434744087806054,0.01564207139593799,0.11761085525850667,0.3665256399826972,0.018232026314577966,0.36652696776339144,0.05431793402539687,0.0996116257417525,0.17716870128380532,0.5079594150451672,0.20701899126931603,0.18482137131490176,0.305342374658195,0.012016635911362485,0.2787813162265647,-0.024053563672831485,0.1255309537054773,-0.20200256338013417,0.46797761148734557,0.38995663120689766,0.21959546056237395,0.06051590068571911,-0.1161695465583099,-0.05097409332830127,0.2714543077427622,0.22497563256456163,0.07218509257551979,-0.017811465127143586,-0.04098043653065967,0.12969350401811566,0.16181357995019463,0.008412469479139085,-0.07491752579598603,0.3098651827314595,0.1625448365523293,0.5202993304616659,0.07995350484960766,0.006405852892665474,-0.0001426479416601194,0.27150636187694493,0.03509797939913922,0.18534994650293596,0.4490073520513028,0.1884866180490204,0.19654221440564462,0.07798208262533399,-0.09698377811256655,0.19777317741187547,0.013174855348729312,0.35046361007417687,0.07590271103568673,0.3435350728015094,-0.06754376861633232,0.213212581246304,0.27932610233564187,0.30305750481418114,0.16015997669335302,0.3079059654082707
0.2806022560131251,-0.05773742753390376,-0.15230391489844844,0.1335504657862428,-0.07189335590980465,0.06473228040442754,0.005876136955714374,0.10879553997464038,0.10298030732744107,0.16565395607992067,-0.024308135863561044,0.032781899967523995,0.012160812672928798,-0.11114993926328275,0.4131934258647343,0.05952220847879633,0.03658030967388777,0.2720080703091948,-0.1761581795857268,0.08195548625043213,0.49078298027762585,0.016814295563274254,0.023780681699479323,0.145848117811392,0.04230192287183996,0.17434791459417068,-0.14481373916263404,0.27857436974379757,-0.008714396993711756,0.09676475412709137,0.03848670332184186,-0.1289550787250611,0.24612387552897325,0.08664310544074576,0.16955777941846245,0.028425154169321586,0.12979346826961732,-0.021186197559808818,0.15555119911090398,0.0692270967776559,0.024467812818034985,0.045814812986109864,0.09811616761647442,0.1578358206416448,0.1551913838305605,-0.08311615407981435,0.5054959437979316,0.1436281319375832,0.10499295308315745,0.06465385738286833,-0.03407137321386365,0.19868130629689085,0.08285305467254706,0.04270763033682827,0.11141957003899201,-0.13353848270534033,-0.1533117597201407,-0.16610234903812782,0.13035616635683386,0.24484774922847263,-0.13478913682691995,-0.10959154089891437,0.07653075121067349,0.08467641812171305,0.2312663866251099,0.14949420037044564,0.2942764078664315,-0.05967902382435709,0.05652235114293902,0.06436744699854992,-0.042149575674401606,-0.1038759761862893,-0.010430233172087237,0.08987431258584752,0.03994782177946974,0.07726075501157721,-0.1519718259700982,-0.07404245539576113,0.29209418699715806,0.03498063039303597,-0.1031449910091419,-0.009046394221529664,-0.029633406673035104,0.3589462010331417,0.07667199120208355,0.013111725925129228,-0.08194059082539429,0.1378724842250898,-0.06468909991540496,0.13524339036289512,-0.024090879230479288,0.07424455069227649,0.026724208754389852,0.4643988597190513,-0.020679558295638677,0.22924120330950726,-0.022113945262570385,0.18714279703285155,0.113755685339219,0.12290486975641322,0.09054980804662295,0.006332118552302875,0.021273297402659815,-0.10957869843868513,0.02799350129292221,-0.14325580836586077,0.1642372746341859,0.0418179264277228,-0.07153973942800741,0.09842944469161465,0.2589822620133959,-0.029657135917498433,0.24894716947180753,0.0021423304679747943,0.060719796907148724,-0.02599528558872351,-0.03588989203323931,0.13402213742487454,0.07833838660053774,-0.019725920046123308,0.11585785067216293,0.09906840925837691,0.2053963629269392,0.10163914446725207,0.05358892044579675,-0.08727914987869795,0.13273059342677213,0.055026371916404866,0.02737339165384242,0.062300787247559525,0.09795249148469207,0.023248840744861072,-0.07933512239128211,0.2677481149596092,1.0,0.005940356477623081,0.15702546123457098,0.09543731944911679,-0.06270091887404564,-0.1658574377219426,-0.08006037362655745,0.059451774951361815,-0.018719414737424063,-0.023236945932114682,-0.022009115897117185,0.1345933177528865,-0.13637604933484598,0.25612330992854965,-0.09138337390530983,-0.07512363000908813,0.03211701797549472,0.15272558778643353,0.14700682537498477,0.1075178644822634,-0.026651569488393256,0.031265431174132205,0.21861627458462757,0.1622856573731107,0.13061350005265884,-0.13811605682312297,0.2493837148918322,0.06279557070092681,-0.019022195053321863,0.11983735448475312,0.02624238775811968,0.012791216317125358,-0.06829842883767925,-0.05766710936758009,0.128840279929965,0.040308187698826985,-0.06386179072217077,-0.029329760846844483,0.08768993014170796,0.005951367895994323,0.06037109519390612,0.14127243102333692,0.1328328425085573,0.3586812680752667,-0.025676655194863215,-0.13082394118200635,-0.0684082209122413,0.24755736799991476,0.07518132313111728,0.13919548445495677,0.20091655724492904,-0.01703268632450517,-0.0489020020062816,0.03316224559715956,-0.037915705436395886,-0.07982476878361998,-0.1616347073551068,0.05411625672552701,-0.17233741653977552,0.1346079999801944,-0.06662009210843717,-0.004054401230551214,0.07947460994473987,-0.051078994181385735,-0.05578793457185001,0.22050515947157223
0.24485936407046993,-0.03298505570434805,0.16963601131359116,-0.09041836024251516,0.03266137209200192,0.049020110049491805,0.09323958404932442,-0.3275075154096183,-0.09514841359357563,-0.10190092130353522,-0.11157742553899722,-0.042750733524443675,-0.12374564857396501,-0.09243907675495941,-0.16662322871572519,0.47801997601007884,0.2540044380771771,-0.11574726873998852,0.0594274236326665,0.017053211449347006,0.07738930372524094,0.10036905399328176,0.251744463508608,-0.1508163056299267,0.02653563412523405,0.27758535452905814,-0.21756210619490227,-0.10546422477082669,-0.1550120038811419,0.01485764078840649,0.45588661546611964,-0.054441452151605105,-0.04491067830408264,0.31146537602868957,-0.11508369429364708,-0.08380139360680439,0.13394084264513942,0.018312184755887025,-0.037050746554910634,-0.07028471381276397,0.19974291061324767,-0.05489719157133495,-0.21016592802984654,0.04568547415083548,-0.031025121562141662,0.067414140612953,0.042924111818783695,0.19599006183402992,0.011655226640811039,0.4274850984892036,0.029012274223209594,-0.07962135685431498,-0.14600989188676863,0.05690664564998194,-0.1630446688051468,-0.24371546604878025,-0.04426158927730647,0.043242857564170595,0.06000587417149405,0.0973604126230868,0.10394040884502587,0.4383976600505757,0.13860474675197781,0.5413410109408705,0.28085206154552605,-0.2333857955052977,0.019939022876969758,-0.17124819389520224,-0.3098427969724212,-0.003866398701833105,-0.11807165782626032,-0.17825833382974474,-0.0037998819191517215,-0.2004316144891919,0.07287643699609238,-0.07847265386129493,-0.09682309072080554,-0.03560537640079036,-0.1808507836735674,0.08484836949677779,0.08425891114454288,-0.033630708808408974,-0.24334042684407264,-0.033625932185245275,0.2108729205837781,-0.1037287769920485,0.24145256814914812,0.2799299324502365,0.015363088389300816,-0.15241086027661652,-0.13338309840402707,-0.1876111726311406,0.44802241268720366,-0.11620715067989938,0.30856152546423565,-0.19751160528798362,0.3819882439763593,0.10916434189357309,0.026835535621276822,0.2964977124339574,-0.14315376725025877,0.007751554133440031,0.0017473419893756395,-0.006049103423052723,-0.0632149137158711,0.11199610756940394,-0.26397048034433657,-0.009748676183084686,0.053268928900963665,-0.07586805762392404,0.05599771968095509,-0.28247214727209746,0.07914010722049539,0.4674362233928105,0.1322198905626442,0.3060225255407319,-0.1447517210702558,-0.038521525898981536,-0.1769782396411964,0.044846461356275215,-0.21710685991166923,0.09190414577824968,-0.23847731805374653,0.06838659844065169,0.02454201069559859,0.12281962653477953,0.24687196290765664,-0.18852213321662886,-0.09631837013886774,-0.16563879606074328,0.09183212344089499,0.34668670928831025,-0.11508644219000025,-0.10552868027919919,0.005940356477623081,1.0,-0.1562300541748765,0.07288424357215904,0.11513383293699292,-0.08417804423533894,-0.14262211865824287,-0.012938152414631381,0.279782998983317,-0.09206135592284401,-0.07693995421693525,-0.14023804935834155,0.06196590170242212,-0.11598105966156814,-0.024216309277314246,-0.001057184171541708,0.055921755851036446,-0.026551580943566012,-0.12327247129319444,-0.05448936262211455,0.0747936147779561,0.6521915556420442,0.024525326003751253,0.08181055102492141,0.21515264433311812,0.11080798829113027,-0.06120808409716436,0.012277765367650795,0.4637638032798657,0.16359011218302302,-0.2320098607628647,0.24356558206975693,-0.09451028696865663,-0.20012062015711865,0.057263741672281314,0.24175026549455383,0.38703889855955376,0.21461201391985493,-0.027826089746197775,0.07246657831388291,0.024117392003811716,-0.028190201119976485,0.0958382895485328,-0.08922225533334532,0.04569899532815918,0.3092504986008035,0.10092393491828855,-0.00487561015482868,0.07888532235917882,-0.17144289861027873,-0.17850484175425294,-0.12315243194855127,-0.041451684739766737,0.34051149372085165,0.33619385081892056,0.029969739755723205,0.13112602022292302,0.07148229662201648,-0.014754832231367261,0.08540866364238665,0.21622500795643654,-0.2546705571469248,0.18084995668347192,-0.12087005880118436,0.20581967350704636,-0.2716081996133697
0.0945345964948391,-0.21184340758743617,0.14676316576623424,0.7134978585676405,0.04409913734453261,0.3191275232272937,-0.2157909173730435,0.35033191049916884,0.5014100719157466,0.3157347318479118,-0.028807842510902272,0.2400304221755208,0.49319012649872934,-0.08345741955378734,0.3393172144586356,-0.008216153989913436,0.10785195492689056,0.5471548950122932,0.17671625075273145,0.46064553276242465,0.32418330581397603,0.1812033508132451,-0.1135302343174131,0.5664356121729816,0.4033825753275896,0.10455590010580394,0.19297290275426215,0.37661339581425574,0.3149935296319459,0.03335223388127566,0.19793882953698175,-0.23465682294623294,0.5883095160643008,-0.1368613283959458,0.7352367600378203,0.5396828647832409,0.3915330426362356,0.27390548249913577,-0.3265202696482588,0.496416180311412,0.35724188686226754,0.2706082583751572,-0.11437274621416262,0.06045795520470871,0.5641022497409629,-0.03917047372922087,0.25260954412183934,0.44392891506836135,-0.2705514619332071,0.0051278980238322796,-0.2469278565435434,0.11275816053704509,0.3514715992173944,0.14630915019952276,0.5221880922726686,-0.09391150748828501,0.2321103979816652,0.16092011653372912,0.5262353180292197,0.1651128619908511,-0.18345039086048895,0.02765254092825826,0.3169580915607265,0.15739113557701662,0.33232218559554505,0.6670270350987946,0.4813372478883138,0.5972149009622055,0.37936720151199527,0.47094802357632143,0.6150948632776764,-0.043605924880864524,0.005400475220541901,-0.07955541465286935,0.04991758714277113,0.5333464283434138,0.05871217654386342,0.06988459701327168,0.5629999775357435,0.3663556899077428,0.14252986340860693,-0.3105432600866721,0.6357556812489737,0.0884383451569023,0.33719673384213916,0.059306233658996586,0.11371589344545445,0.013209190460419972,0.44351617838232826,0.08394349272038464,0.17003731362764404,0.4926031451795457,0.12583273377322576,0.3876427012086275,-0.2668922864231704,0.3415182534296772,-0.22090936940261807,0.16488023659569767,-0.29682795117506816,0.18334274504624704,-0.011796979991872897,0.11771836254960395,0.06343186021503347,-0.2101476853106534,0.508714045828882,-0.1605355509506495,0.31624195052371684,0.1465055629774189,-0.019821116174128496,0.5124251739343993,0.30937976176461307,0.4564329623180457,-0.006819141365112034,-0.2700323377105209,0.11110010192846219,0.2896058754753918,-0.10740886160828723,0.34661110471475903,0.7571699008412407,0.011076594180301777,0.5314250010728683,0.12040992582286841,0.49128891541839154,0.21160185396747136,0.37182912667651546,-0.1016708501309963,-0.2157784082825463,0.7332391328430612,0.4707641376622252,0.37466026971706345,0.03766393816929466,0.05857633056536953,-0.1810225655940745,0.4191352953308883,0.15702546123457098,-0.1562300541748765,0.9999999999999998,0.4260498700104852,-0.017277481519990732,-0.04239861325524045,-0.04907508686707525,0.11399676285307779,0.36799129090817395,0.47264460591111657,0.06685527688913324,0.6313043949039003,0.09747426011216571,0.3552203683101562,0.08372076008832435,0.013395516767516552,0.07769140426562728,0.5185250737168671,0.07620551703615704,0.2060812686571495,0.21046904245501522,0.07556267246830348,0.32416005569943757,0.11511061454904525,0.19256576760525118,-0.18748996078228275,0.24304925276298153,0.2416512430291672,0.1145259615452431,0.14717722517215778,0.03546321735477226,-0.25918793621976244,0.26494216384513164,0.42988379657949344,-0.15317838491189878,0.10714660048458172,0.13534758380155124,0.29125913594912156,0.02502460369626318,-0.16044418827751405,0.19559883562869584,0.46006297873565205,0.3311802765109619,0.34484825236819683,0.30757167323840684,0.3652015720954039,0.006796803298685593,0.26706055197501855,-0.07418325236430262,0.5306916714682061,0.607824301647951,-0.10280359544301974,0.19581046463259993,0.24676613742253728,-0.025563706720063206,0.37072130858343083,-0.17975192960860736,0.32321756163917,0.012009272631324286,0.31763146357285593,0.06957087455918344,0.3199505461176475,0.46382823339942786,0.3110197833139995,0.21970756865541133,0.5191568762825823
0.5217265074081722,-0.3660176819244376,0.19360445354555655,0.2837293819974875,-0.18075017926672618,-0.11001220413360552,-0.28468922120643797,0.380726470990953,0.3517616158213376,-0.11172775707089445,-0.13067728862970096,0.08428553352796467,0.13468443843242622,-0.21127918102488102,0.31815733892638753,0.008583528584386131,0.4406554848392425,0.32916885142313046,0.11979611469625784,0.2710484420179245,0.2028162503644615,0.0682084769087677,-0.1743860562348817,0.1537849571695347,0.14131504076091694,0.639064768998538,-0.14260907409587084,0.019907671002626495,0.029325281228239533,-0.1307311545216993,0.5093325832332688,-0.2292364615515292,0.3334648540000494,-0.05659173297317687,0.3388297919906187,0.09528351419072865,0.22160354207812355,-0.09366687416460089,-0.1336526350680389,0.13167952561610527,0.3528152055960762,-0.012627121070480368,-0.1168061008564519,0.4428603091513396,0.41171169031165467,-0.1095975915407907,0.20521391153904242,0.46423056279350255,-0.1579096142839749,0.2647945233343982,-0.08847610694020276,0.002490744034706937,0.11219054313985426,0.7278531458094339,0.13269088165053905,-0.36269983844793063,0.07989592784329806,0.07670327853537888,0.3405074110186261,0.06834828660345657,-0.41418043017015005,-0.01797643998344182,-0.048573239394477406,0.29571795763893044,0.09487749829476434,0.10041535675130756,0.2397378851231506,0.31695114244147155,0.12908839700193442,0.4255793377687236,0.3108179063372352,-0.22295842605595526,0.023104511049066516,-0.26789992726052225,-0.17883315557117105,0.1115009791991732,-0.034905216892553236,-0.019051729382594328,0.1860070892674282,0.14097983127371458,0.29190963592456126,-0.3142028923933545,0.2976133716482608,-0.024184558241308465,0.6154548666450711,-0.0947962909982328,0.09658318698112896,0.13244941492479453,0.6531197480083333,0.17127853229140422,-0.08777386423253543,0.19506485478876442,0.054658604994810234,0.2941267363912637,-0.45392780934642696,0.2954977620524359,-0.09206590174459749,0.17510850404703687,-0.4142514392498414,0.33262251635423473,-0.22047003397467602,0.5683023212796693,0.02686325144081268,-0.28165437819548156,0.40692785609583515,-0.27262605168723664,-0.047638708336311,0.6255278197167535,0.08918184184414962,0.31538775428189575,0.15907636852363363,0.027046997192414116,-0.06379678265076322,0.06709485496728909,0.36360527174572266,0.06901258185651822,-0.20333733137892532,0.15937909857007104,0.24947671661616974,-0.0735112186721811,0.11129064400969363,0.10815860460224891,0.10824556437591058,0.22385688649378727,-0.07088492189613421,0.005062619581966423,-0.18593592256467012,0.27387531463153203,0.20834085224031448,0.18201760956133411,0.6057894458679635,0.5174744996119547,-0.25268033228259973,0.16467207324927965,0.0954373194491168,0.07288424357215904,0.4260498700104852,1.0,-0.07471262433306423,-0.18393757888637355,-0.21234325639591978,0.750529199501048,0.24744493949087804,0.2352184924621085,-0.08057126704009214,0.14614594905984155,0.14330919165715955,0.17213608371921332,-0.020468352656333674,-0.3032111197583024,-0.15114141995353858,0.23827781844961293,0.06486370166667385,0.19556595819511705,0.13794741770408767,0.26755071993856167,0.24725744349617684,0.6013095729397426,0.5588054509210472,0.06674381314916807,0.037076661577721125,0.25982760047893666,0.01898783070251299,0.054474005465961234,-0.06573087435238248,-0.1256454517201043,-0.14401187431304163,0.11129294835955506,-0.09724916077121651,0.7453031057517973,0.15650300101502873,0.7417848659734849,-0.2680337345529221,-0.20210114145339952,0.48463848733441806,0.31464205660686495,0.8667052941492008,0.25041550378915806,0.46475831525969885,0.18038371137988404,-0.08787750054734335,0.03459846880422941,-0.2530276553213892,0.17998175421233012,0.1460224769488414,-0.07608566329654916,0.001968643272291531,0.1813102522193273,0.46369520310637485,0.22520986798487883,-0.43166540020149524,0.39452724973241676,-0.07420270694812099,0.4259609943493813,0.6000192593020773,0.12260527879526795,0.2539505317377449,0.15783306910423162,0.24846684386917578,0.1527597679330231
-0.22263251730828248,0.660909724351389,0.6055392626125776,0.1140968419464941,0.717109543306473,0.6907259729611133,0.5843849655038631,-0.07368681311656398,0.11001644721303651,0.36387940885219006,0.502671629030143,0.5358304424940634,-0.0012939237442798357,0.47715073345336023,0.33378994038793264,-0.24042912144928963,0.10035286843194723,0.3605733430885816,0.5521623179048821,-0.16807238405282343,0.05143494716363454,0.7869068441857583,0.30933966988297745,-0.05378579787441578,0.239735466322607,-0.039031674907428884,-0.08283031146182523,0.1675326684562879,0.6690337871445017,0.373667190609581,0.03762348360092941,0.3484983804453577,-0.19602993672438013,0.05890917132603723,-0.06875651602510702,0.24336379282995158,0.4986606090191342,0.3986307743002993,0.3022141999337228,0.4328815681364965,0.42504141144438107,0.5177252583315781,0.40444460774930713,0.01996174013333977,0.18032034279135153,0.8109731260283402,0.16798442475562073,0.4825560175838089,0.532942109175562,0.14937086868717525,0.600405859463846,0.4811113583973353,0.14540472313988817,0.15670107635068428,0.1581739144283221,0.22784636740745995,0.286128265467679,0.7698679806555626,-0.15873333388965138,0.15193330501350943,0.5290270295237868,0.2835046696912846,-0.09735521416680455,0.0565841314426947,0.18458185740462404,-0.06742671403417286,-0.037364879115210234,0.24247300810387504,0.37291019524307156,0.21413547023221421,0.05261057755015738,0.5758587587303129,0.25914981017816785,0.036323261104691154,0.6187674363466666,0.5239039146922317,0.5242897776121124,0.39929271885202106,0.187198685988158,0.41914582456023286,0.6769193148311351,0.7184732985494541,-0.07964109537629473,0.1440797557570694,0.01489419949684097,0.3346161924550848,0.4069907909076314,0.16185643769454747,0.28987535209039617,0.23457062202276074,0.6306302054081617,0.09134153106872683,0.24549460560196265,-0.0685325071208469,0.45087656622156413,0.12620378463933035,0.4503050451876364,0.22587045609495193,0.2708630781494242,0.06989851199053664,0.48374011960915947,0.034254415982884284,0.4503537415028465,0.6398563771097335,0.40449989513250534,0.5373877746922263,0.26358873567030344,-0.005014066091260976,0.6800667208050993,0.03843204684216274,0.37835540304980686,0.026570070974980518,0.4733670523074977,0.3379894197870976,0.29118155508367316,-0.45244284921050903,0.4835565567054988,0.28412302434102005,0.0238253889836681,0.4883549699879557,-0.02797075613609898,0.26567408376363827,0.3435158468390591,0.08058815153487908,-0.04755520113149331,0.3051615541822062,0.5339607495022323,-0.14577423989831179,-0.07576590345774022,0.41328732768925586,0.0025733421733355175,0.1584112148788515,0.6383825131295121,0.14939720336970433,-0.06270091887404564,0.1151338329369929,-0.01727748151999073,-0.07471262433306423,0.9999999999999999,0.39087812183496656,0.17618670247853518,0.019401808374906137,-0.06018136403265478,0.15902926999104533,0.11568509575559074,0.22230548328041289,0.6358307607204047,0.18394901071995515,0.4241197202484166,0.3678430531269846,-0.10468405152963443,0.23545832104443007,0.2600526649605446,-0.11945959113656661,0.4054682006591003,-0.14569461093425562,-0.02540910572188317,0.06360141966536376,0.13565188181401072,0.27303508959999595,0.37775192497507554,0.170947650157728,0.46612720837781296,0.2594267516076742,0.06540271842727487,0.546769357401579,0.33669612773428476,0.21741662791006455,0.2552176441711875,0.029999313481619366,-0.21732992007371082,0.17999223240758658,0.3954108986827761,0.7781545795867859,0.03625200994009153,0.35859845119622036,0.019812765990735892,0.1873884853990077,0.36647038790407693,-0.2821560273687531,0.494499915966929,-0.12248058167330875,0.6278640034963361,-0.035718301475316024,0.09156421719998602,0.6456966157715708,0.5376679765206573,-0.14123274650645656,0.03882868036709352,0.2645054754441082,0.5978770754249356,0.37058492098230317,0.6436158206430566,0.21539306462953905,0.28780052146013857,0.027490028520601194,0.123519541283022,0.23228913989459257,0.3573836526966092,0.31861728254203436
-0.25194132354857546,0.5158890924835438,0.31180517597768387,-0.15912599928125792,0.39832725082196185,0.20237655153423295,0.27539648238443687,0.045063885225828514,-0.016428657216991195,0.1445158619059661,0.343413416639804,0.3019701060678258,0.23846858380468264,0.3049987473612282,-0.038934779062726826,-0.25037805548772996,-0.038529195655274615,0.14722963794365865,0.36427509905839695,0.02196866198174135,-0.3472802617067412,0.41468526867060274,-0.09412519030315435,0.07654205046312434,0.23268029892066847,-0.13945690902383265,0.11750784435916799,0.019711329774730148,0.3464938435868884,0.018673662792364636,-0.22791161203118354,0.13115485033451987,-0.05052353131405756,0.04571882849412041,0.05559749510663134,0.24795095265101638,0.0753677568277884,0.2422535476716097,0.2811519395949146,0.3845432995611284,0.0007744425848363157,0.23742136923238244,0.14221522283736399,-0.1002231409499196,0.26902962612943193,0.3452153795617584,-0.04396001302872953,0.1575825795787661,0.2558952716833643,0.014339833867690307,0.19570228588725946,0.08398453614594095,0.03897758741462121,-0.03125710764281899,0.2459985792333044,0.40937118080853313,0.022440239737924906,0.39601870763474967,0.10849353412554463,-0.03589296120005479,0.39600895553359977,0.07700019594937012,-0.1234055767537023,-0.03619575988091331,-0.14675892816475292,0.13282749739470784,0.06941197990472348,0.04425422042818118,0.32722789258887613,-0.00027050970311006577,0.08979132904475709,0.36012910588374936,0.15692244861829927,-0.06225093450313523,0.3991565274099121,0.14748776943124922,0.2946220331000876,-0.0558437038875903,-0.015130135157061514,0.06968656465136434,0.31946296917383865,0.32922342758744416,0.19876408715039234,0.0497126895689424,-0.17742843139732492,0.04326626375656308,0.2737318938198436,-0.17770985219281518,0.19550643076457935,0.032613945295355405,0.3572674159947371,-0.08285274383288557,-0.13891909606976047,-0.022995521064127222,0.18117184826246352,0.006854255705135701,0.28261852157211564,-0.09198576725609728,0.030626574571771634,-0.1616768190365009,0.4448303231108972,-0.05759885008710002,0.12966152718008267,0.30774249475304566,0.19897620472004882,0.4022565032885091,0.2390348722438,0.032299048907101814,0.31396247659427856,0.09573667192963169,-0.14427019849348124,0.005355195373973161,0.13474541465157266,0.01566517423874121,0.0184047030607745,-0.11359213347430881,0.3729089251184611,0.008460707999223036,0.11088349234450234,0.26871120618499095,-0.05674138479272186,0.05885391566115296,-0.06310952545189537,0.08442761732161719,0.03475595037729759,0.04970712887864232,0.1052057761849473,0.047214085096631025,-0.3302791051879931,0.028847208696415997,-0.062482832198097756,-0.1698015306181936,0.23488545645041473,-0.152283108135742,-0.1658574377219426,-0.08417804423533894,-0.042398613255240455,-0.18393757888637352,0.39087812183496656,0.9999999999999998,0.21540664383716432,-0.03987970190356055,-0.035240115303833267,0.25082344014473723,0.00460160639919179,0.2435338887642668,0.3786088546175149,0.07706324093410206,0.3821182758072066,0.49420370584317513,-0.09833414255050618,-0.18179842724946998,0.23082448912450326,-0.24779310243008706,0.03609284256499706,-0.26651662200451165,-0.17616586714828253,-0.030589282488594095,-0.17672895730367058,0.12754517288437195,-0.010421111684187207,-0.14902273773886546,0.20007239878419417,-0.05257726016226898,0.019129603192507227,0.15578244173472805,0.15855334486878886,0.3157987556468985,-0.09307028362434618,-0.1726051787465382,-0.019720299186679616,-0.04145246301469978,0.2681406932578764,0.47103906485616626,-0.011339266169049629,0.03805355492008197,-0.12605451858948213,-0.09767738736209423,0.04807097698370252,-0.20305957790561818,0.28483063176478696,-0.17634172909908535,0.33056049523627584,0.05358254186861979,0.06581755886521408,0.2737531223568944,0.25641737043467727,-0.08085267725089094,-0.0038508209174160685,0.12647051633655193,0.3798638257542122,0.0925936155477949,0.5019821958031323,-0.05977990460638468,0.14460192749205786,0.10047208930031983,0.10280192752112564,0.05866304359397678,-0.10197500282884589,0.02781793784712306
-0.41421797114042613,0.5932393199964823,0.1496368037097563,0.10808059710016567,0.1613637325026066,0.16601200537085625,0.3447004330570298,-0.004201880308961505,0.05038396282171599,0.039941881947890924,0.5543460788977329,-0.007993873296644496,-0.11749806569724697,0.5034276025392845,0.03278488649502014,0.10931155015506802,0.09919427560030164,-0.09438554889082927,0.30967186361570687,-0.1727524764511342,-0.08192134235490175,-0.039763859418578906,0.3859636414914166,-0.09455601795375015,-0.11641703786022306,-0.2249506158052566,0.014817550072233943,0.1535553262948344,0.08638351566812207,0.21464849104217681,-0.25613512446580833,0.39407267267042906,-0.23299699825063133,0.43140434436425296,-0.1576769664628648,-0.07058409820633049,0.17017269740951663,0.09123121525758326,0.4324378649800983,-0.08599745231887658,-0.053317979215620155,0.17009274359242785,0.376827679888527,-0.18442861330350951,-0.043735607022173155,0.21599997243842953,-0.18783144626868076,0.03023758664250532,0.4025120952553583,-0.10923810821212102,0.10927514762264993,-0.07291287898606431,0.38320263200893384,-0.1350492646692575,-0.14358847101020378,0.4676290400896043,0.3477952489076448,0.307432195498204,-0.1887418736277693,0.1129335804540359,0.4638880897462193,-0.008411412142913884,0.26948270808790953,-0.41093172036265946,-0.21980932429194724,0.05026119915944116,-0.23255456794160412,0.13850724797925124,0.40107925610766265,0.2587471848714579,-0.038942343062409866,0.5101657597500452,0.5208489978954464,0.5602919799381249,0.07607402480241296,-0.01836328969766654,0.39146892154874185,0.3709990150439809,-0.15073304043883326,0.07332068425583213,0.08002989650791326,0.44194644773520164,-0.0318596682533544,0.07955741973454647,-0.2206208739321815,0.004347378432599247,0.20600299652603873,0.09343671304313687,-0.017184492595912704,0.16237367212689213,0.2155321901109957,0.012568116621048696,-0.04795576966608097,-0.06264418143368634,0.28303748835522125,-0.15078148160636845,0.36058845468013007,0.09857384015498974,0.5249960711607509,-0.050243394027572344,0.35033415447240274,-0.04308254935932699,0.3099902901335707,0.5045550056446543,0.2501870674300529,0.32177183442480206,0.4029122463537673,-0.02809328835440822,0.35840028454161704,-0.08944534897026299,0.01069983751942439,0.19478791641053378,0.07833516411681576,0.22051912016186528,-0.059957484968871655,-0.1974853017750941,0.6652692947904127,0.17146256819790784,-0.007971826584973557,0.14052407810436449,0.074810948636609,0.17752746943652434,0.1870943182235619,0.06820723877492471,-0.19301179467415086,0.232806780938623,0.10959493331033536,-0.1931620774568194,0.10783953286598742,0.0524368985314575,-0.15985117800133583,-0.07421166823114983,0.4420035790436998,-0.04908422222085487,-0.08006037362655745,-0.14262211865824287,-0.04907508686707525,-0.2123432563959198,0.17618670247853518,0.21540664383716432,1.0,-0.08971946508826548,-0.17461380184217745,0.3191871172592606,0.36034696054910387,0.0352495988513707,0.07717488103724508,0.029830450635791175,0.08962111178529093,0.6238309477450268,0.12784232370944776,0.17998321682659413,0.2518277651097382,0.005226244739750243,0.046248973317524256,-0.30951802289753644,-0.05208646487057503,-0.1801983314130652,-0.0926918843063444,-0.14312177493440473,-0.13559648485929549,0.2650493155420337,-0.018146508974831416,0.2076595256550341,0.32209810462528704,0.23168604330384818,0.04165275877529945,-0.16284669981476202,0.4074637236048667,-0.11272368243072052,-0.05062041998327939,-0.05056284274301956,0.3031255273576055,0.3746467450635144,-0.05407110086080171,0.037727556898858185,-0.12463039220627797,-0.2516830279988408,0.18174567295299793,-0.23344355128034316,0.035350466393111304,-0.20659464077048734,0.2148522534454962,0.09774192059330199,0.18657638915645364,0.3758345991017868,0.1731678814422868,-0.451814482459577,0.19879178219567664,0.4112816589419661,0.2873927425680435,0.13322220975628152,0.3530144011331727,0.21066822822320047,-0.020684242850665183,0.19964515524590873,-0.32091102310374353,0.15377202528577652,0.40189651703856594,0.09091949427466439
0.2870918959667231,-0.13497598546826858,0.26262090732545185,0.07437451945467048,-0.08375615538679258,-0.0449899027810159,-0.12838179743951716,0.3243238948521911,0.366909357549286,-0.17622767323290361,-0.11951295512697012,0.10933671645933686,0.05342334528672207,0.04684095126751606,0.19135001263848053,-0.07134571706388688,0.3420855651103686,0.2594044080017174,0.1716844088308173,0.12205434711260055,0.030873122957739536,0.11596546334788035,-0.12627070721287748,0.10563226843946717,0.10578476743937563,0.47110559116229733,-0.09878353263917838,-0.04547640846713388,0.1171972123525504,0.08640710588173621,0.34132123269741677,0.018836843057001652,0.11666880778529862,-0.04429066428647894,0.08903445015649798,0.007704718009405027,0.20945438686404366,-0.12944609084923248,0.07316012539018513,0.02693959352042659,0.2936749166342848,-0.00896750320770088,0.1326562277746146,0.5619075375248119,0.3359111060734107,0.12893940144631386,0.14220591853489908,0.38302754202326683,-0.01114468242483663,0.21169304243494141,0.14632269608267545,0.08525039259659456,-0.035434383755471914,0.8043563294847123,0.03184231381644006,-0.15775819764183308,0.03403520889300482,0.1973642488628043,0.16700751585473123,0.09647596653156527,-0.26522441394315827,0.050724834404205034,-0.14901365215349263,0.08645304174096768,0.00018398860397008304,-0.04837229963861685,0.051628934042847324,0.13339155828190374,0.1447538640972811,0.30165083667572584,0.13401175014725747,-0.1384684413290328,0.06138124856475583,-0.20787679799466377,-0.16250464768592307,0.06492823705884834,0.004320145236265283,-0.08191549226632061,0.09502253545367022,0.0884950067153059,0.4655016886535178,0.019843777423019692,0.07262019301476653,-0.04164690671408367,0.5043526383686125,-0.048841553031663834,0.060160546247983795,0.11453785230423351,0.6035923239131533,0.134207058459512,-0.062335327040067764,-0.026724926007748884,-0.05742286040798247,0.1524223710648858,-0.3611371047668218,0.25511031851350274,0.019833883037837015,0.22693221224925275,-0.19031869918088662,0.2803462084264812,-0.1391428773147248,0.4900752692638508,0.04479338069076941,-0.17007793770783103,0.3890464389518849,-0.14145741003145543,-0.09428069084325419,0.6703107200041601,0.25147346855849007,0.2809927378524433,0.1120127458518186,-0.060810846058961414,-0.13376310380053552,0.21238109869431315,0.30003220392676333,-0.12643181163042147,-0.1555270428329889,0.10356301564690468,0.07661393000112325,0.06269653580018554,-0.06505930340882816,0.13768133164960272,-0.04444162097301826,0.05219937856292563,-0.23386297272939127,-0.06334082558021467,-0.049603073372901714,0.08921840850419854,-0.05453202414131157,0.03940167895196634,0.5126602560926515,0.5271084641105699,-0.07432499993897096,-0.010621213559299144,0.05945177495136181,-0.012938152414631381,0.11399676285307779,0.750529199501048,0.019401808374906137,-0.03987970190356055,-0.08971946508826549,1.0,0.0394000212479156,0.0685610130622469,-0.03489349266745455,0.018096488436577955,0.3166566922692274,0.04421147961943593,-0.009963346602399366,-0.17553341484612273,-0.10663954958451637,0.1083422703016172,0.1106219091396661,0.2453572046512034,0.04816388147852886,0.09754435378433007,0.12780723206964445,0.5052422646254114,0.4072047194651393,0.20661129670640888,0.0661044955765977,0.17924678385061285,0.051642541904615785,0.052531298373550146,-0.021908956704840114,0.053654306927852384,-0.2086799206420668,0.12305022880911938,-0.12400056071830694,0.727235605110415,0.0834547005174128,0.6381657886663049,-0.30295314919005606,0.04193362304184719,0.3146662505245186,0.21009649044116904,0.7118030836400955,0.14217842507940165,0.4519608852607494,-0.01155693383783947,0.06283711278669964,-0.12006341948228504,-0.150304221532987,0.05074857681423888,0.04537690250436884,0.05185390664396849,-0.017942823945957833,0.04466343030141745,0.3884345542696381,0.18992882530507613,-0.28091465781663527,0.3356326745406612,0.026265894794984757,0.3605716688783477,0.6265222351671766,-0.05419202395891762,0.13453776737445128,0.24281468159223585,0.2316460133421598,0.16368753791644192
0.5767214106183697,-0.38345307072899704,0.028255094935382433,0.15305893399927312,0.04910469926565864,-0.0782481047641142,-0.25010873096328645,0.21623834033059897,0.37104522013219565,0.2564859400117903,-0.2563414956655165,0.20665483710782787,0.334055864739848,-0.26700667854493865,0.057192666399949195,0.46719851059104994,0.24605585422758103,0.14388695638108365,-0.00344965902148651,0.1421955416760015,-0.007204464102560687,0.13490171391727432,-0.1304830825177884,0.3001446467175875,0.2874687041050214,0.5335998569392719,-0.06992037533152737,0.24310920886760298,-0.02771878683268694,-0.23631283807779727,0.4812124414139934,-0.10390061921173833,0.3709938587114749,0.13915947452762775,0.2622329608773255,0.2993916005049245,0.12306269328551375,0.11993182442532685,-0.26918573335249346,0.19973967404793586,0.34095090052868793,0.030562896900516633,-0.2154680788815451,-0.016242877007906758,0.17248498491090303,-0.17189850393572984,0.10746065440465243,0.26918645547675857,-0.2399431560133803,0.2434540269799487,-0.08779888377126485,-0.08633145224065343,0.11875820130560504,-0.03916999295743129,0.20756893158346715,-0.3298328866614582,0.13602212197916302,0.0008796441710034827,0.4456932889859014,0.06975407947481202,-0.22614326967426432,0.2306180762793722,0.41036334566987437,0.4491455243906453,0.23739522432031887,0.2778098852989215,0.21073436912810964,0.07634269129866766,-0.0021138483011355264,0.04494213284905764,0.3149024386810806,-0.24462864199179332,-0.049322310813274726,-0.22778682151425525,0.043944336211078475,0.09655099309106366,-0.09177675991972857,-0.12637621214565564,0.31017361124696574,0.2770416626311697,-0.12354801835473911,-0.44688601446844084,0.26571873913262073,-0.20670890627918204,0.5752274144036643,-0.18228005004403594,0.24421167506652075,0.14801312746416742,0.06984457862439594,-0.08840552065182593,-0.015140894311218728,0.12242487902464162,0.4057046190961656,0.2086605459307984,-0.1519575671471124,0.35751514166217707,0.015311050066373351,0.1749474862683181,-0.2057801318421614,0.6462924463620991,-0.10709070365683884,0.4579137362402214,0.10378411044048409,-0.2773364298997664,0.052504631515653065,0.021956560017841686,-0.10785138727285591,0.02288998570177325,0.011185278112727544,0.2131636501299074,0.030457487365560414,0.08342115710753699,0.012907105885065892,-0.00641262771107723,0.2044754037698279,0.35183240421951545,-0.2520338236260032,0.1859809005545254,0.3106075358991654,0.11292969639766008,0.1833532462287026,0.15448953161412474,0.16444907265955586,0.06746598009216839,0.18875425056244569,0.002047111328547832,-0.03182156200553385,0.3877645337975448,-0.03311886159546179,-0.05848557798871249,0.4250723073193227,0.34598392040775255,-0.2760111657403731,0.12434744087806053,-0.018719414737424063,0.279782998983317,0.36799129090817395,0.247444939490878,-0.06018136403265478,-0.03524011530383326,-0.17461380184217745,0.03940002124791559,1.0,0.3137138339786075,-0.11968713590525693,0.28662840451124116,-0.14451105062165073,-0.01967049730468513,0.003809780435136186,-0.1498347651849757,0.007418654675335275,0.09388072506753789,-0.10493396430790038,0.10118063194524508,0.125838300298883,0.4587592268993391,0.3128490076795697,0.42762307881860007,0.5747989539639206,-0.0023282371139002984,0.13455871315913953,0.16724966817238712,0.15120448283043061,0.17157976196144437,-0.07029257020807558,-0.0952939671329608,0.03553305433657524,0.3285037280508326,-0.2990739322865822,0.3842441215417116,0.354083545121858,0.3704665522604414,-0.12754040258458949,-0.20461114278440207,0.4054584573180893,0.1525931291193309,0.2989320650969075,0.14507762720222578,0.0190990462608077,0.647596357274867,0.01760095661617513,0.03548921956304545,-0.1255184214992533,0.3188409214974901,0.26312653596373997,-0.18534552620149425,0.18135968871761302,0.43478809556563003,0.21695580986555663,0.11663744840886045,-0.1834410366349,0.22694991866866093,0.012363792498527213,0.045673087216245425,0.008189685635789501,0.08478073642387535,0.2931149252095184,0.17313442805094917,0.045883294231499075,0.076936015439475
0.017336073952128675,0.12437570101744286,0.08628502222740694,0.43505868978812734,0.2016711974016589,0.24265272769328688,0.09610617860218292,0.3835695314611808,0.43318168294780585,0.30987575546920393,0.29219178126498213,0.4618167720463089,0.4481604031015463,0.006641292982947521,0.2824153390336244,0.010970545890527332,0.3526102922764976,0.39031947831304004,0.1020652428552138,0.45466535116824014,0.012617234459111264,0.2286679505162213,0.012380349862320452,0.4079282185126745,0.5781578057366437,0.09620227257067866,-0.02265392215835615,0.12058347033615202,0.3133149821556682,-0.18652280746400032,0.22281462677808062,-0.17376793016468223,0.3575912101683752,0.1799739299950823,0.4013207131054618,0.38060170313438174,0.2015865178924954,0.35268806004855513,-0.006941190396150507,0.5231454023680807,0.1701869574759548,0.3043475115895781,0.12518157189340925,-0.10600960452613682,0.3040692296127418,0.07256447519908449,0.13730628774545342,0.27602811976809294,-0.11329074327505159,0.06693686754807125,-0.2099018024319004,-0.01956461829457381,0.5422133202766296,0.04046137356464491,0.371404358303209,0.30586924829347006,0.3422169339172831,0.22501518919552382,0.6575863828300205,0.18986454098402375,0.14386889541313214,-0.057135823287418154,0.3373340553135962,0.0696228749371243,0.07763952031688641,0.536618270379739,0.34955718377454925,0.33198901096269007,0.47915263497830096,0.3713110512008662,0.7347518004438545,0.061904988573822255,0.3306506801238555,0.12895775820488206,0.3393571476663359,0.41564694933856716,0.36477375752586705,0.0865494741716006,0.39317031218205184,0.27716655811392904,0.1673891321663732,-0.0009999409092356789,0.5430037726603567,0.1080355374329095,0.11219258960422578,0.17780137974044957,-0.03684756695816339,0.07485659573127972,0.27259950261846105,0.21390467906463878,0.31389183470236,0.08682895445355387,0.1285407995666607,0.22978837642943092,-0.11419255307075016,0.17382669763663913,-0.06447291062567007,0.18774652935495448,-0.01087808772895499,0.11063771129313195,0.26948682396846574,0.22450299482861688,0.0691584641038487,0.1994010097857725,0.35290930492079536,0.12528362435166063,0.2924927758240951,0.08510012313798068,0.112787319666398,0.34483231425581506,0.28200309030298637,0.3516537785822002,0.16857698047775493,-0.09882253706698019,0.4567075068071133,0.12330786870767992,0.2712006572224917,0.482498447818098,0.6478478772202574,0.10660210219249619,0.48434730302770096,-0.12381794125081026,0.3378126682445913,0.3965058718439842,0.37403757899180856,0.11505696159718032,-0.10048590934693123,0.4274329781128702,0.19137398743432243,0.1628761443535481,0.1449764700744018,0.26721819620309817,0.20567685805804892,0.01564207139593799,-0.023236945932114682,-0.09206135592284401,0.4726446059111167,0.2352184924621085,0.15902926999104533,0.2508234401447373,0.31918711725926063,0.06856101306224692,0.3137138339786075,1.0,0.001405739513581223,0.4601539551047537,0.17490503055111378,0.22004364435731946,0.474212587594542,0.29099501069657696,0.06749660984611193,0.4278765800372035,0.035108913099189336,0.2463727235723577,-0.10225503601052129,-0.07124655619185637,0.08119412780777897,0.18485383145476192,0.18918207269352383,-0.20102372330299367,0.16294174756176752,0.178897709267404,0.13791217133197164,0.38528612120631106,0.3348971497524556,-0.11069509475292509,0.4268080980680692,0.491844540595603,-0.046784359090286304,0.1714556553944705,0.14413079295351466,0.15402066849325857,0.3800459695719052,0.03479853199915321,0.29186477129517147,0.4133494556547526,0.1706413130565705,0.08818463594434853,0.19912861144416044,0.2840685851202223,0.051997081430211214,-0.013519183729593652,0.19250167226040943,0.6230872570644945,0.40592315218982217,0.23192135741643563,0.6237672621923421,0.12878753810406654,-0.02208956812661176,0.32958106811968096,0.03157581593958251,0.34672117099372324,0.2820703919855251,0.21108523715659036,0.1060226863701531,0.4928817463996863,0.23874856854499674,0.09630765315799994,0.12850726819208322,0.3482370247658098
-0.1357930197780287,0.1795576899691158,0.12311400781095355,0.0688454031014689,0.07208337064853616,0.041832067497508424,0.07076164541583584,-0.017771028876717887,0.17830098178030168,0.09073683084777365,0.2762343889731587,-0.15195608954995274,-0.09588933527933484,0.3413116974274221,0.22059087336064148,0.09792795708423294,-0.19912820180473317,-0.04265137280872105,0.1512615165966123,-0.2012794832446751,0.11893351478707499,0.0605467048727903,0.1561105425118099,-0.27188122544923565,-0.25095113883941367,-0.08932795783858866,0.36746573859012377,0.06577096058024401,-0.0001628784500527936,0.2710754121075017,-0.20495160701361412,0.26450243788964567,-0.19945070384522293,0.08184383683192674,-0.10686004620458796,0.07997500563691705,0.24513442530494173,-0.057334189002193864,0.10593855872697953,-0.08095694891458656,0.03903657940749551,-0.10159692351508143,0.31218122106695717,-0.175270990095183,0.0747935703235102,0.14049630680340902,0.022367349169857397,0.035038985077922837,0.20040785503198877,0.02492739396030726,0.2807762157870757,-0.03205757962912074,0.037663437481496774,-0.1028862604990411,-0.14514507041543492,0.07212884456260625,0.07165347084311827,0.1780112950428561,-0.2722137032419611,0.19381399228381743,0.09131737809862485,0.21395571049198375,0.2826816671606831,-0.31248456544731024,-0.07842202104403861,-0.06331332543405521,-0.1885075575071273,0.16500433613503662,0.19565953079248194,-0.023505837346948628,-0.178899468910208,0.45218958149090144,0.11861379766993665,0.29438747150674155,-0.06595033481635615,-0.06239959138666872,0.21310563371462352,0.34466343528662263,-0.04948988222986387,0.14527543057960887,0.022976946620685872,0.11947609410492498,-0.08882074983271428,0.04983781293771355,-0.1285184024531061,-0.05969327200301768,0.13825657068576402,0.11106928369432731,-0.1662530100737893,0.23524189676845697,0.15183370389519965,0.3558793274255003,-0.10357499419839777,-0.15168572345492434,0.15668957414238632,-0.1011056891985151,0.16538928944659853,0.026799068081582167,0.3576008889869532,0.09097159965666796,0.251919397785634,-0.049102393176371516,0.38127114119312194,0.1981711240168209,0.11737640174205494,0.14665623832963806,0.35778316825567336,-0.061177589760368495,0.3463815266232657,-0.0772684933569985,0.2154081978622895,0.07172915465614643,-0.06672820955874789,0.1894261793766988,-0.1079472846437431,-0.2022751574868743,0.27994302417367023,0.054658963289309276,-0.1354005376897115,0.14990578452941736,0.03144292276010342,0.2663380470892197,0.16673700765679003,-0.0423418859057636,-0.01963559035498248,0.2959727759152495,-0.0009826184193807842,-0.17518704060550574,0.1417514639814757,0.2912793643679183,-0.06373834660798394,-0.17972315064369218,0.22672650062842276,0.11761085525850666,-0.022009115897117185,-0.07693995421693525,0.06685527688913324,-0.08057126704009214,0.11568509575559074,0.00460160639919179,0.36034696054910387,-0.03489349266745455,-0.11968713590525693,0.0014057395135812227,1.0,-0.19867889874493505,0.018904167733138834,0.27478410825509886,-0.10075102686056318,0.23120520506285533,-0.02737126926924172,0.0650543095126977,0.36568446720499065,0.03905901970495872,0.17597386008042346,-0.055860444917618025,0.06931554291040852,-0.06693486970322521,0.03290277722998614,-0.053984384620279435,-0.053637245765557506,0.34202991001898864,-0.18867218310361264,-0.06417619712796717,0.10740212226337864,0.008520601653672716,-0.11521999352101503,-0.2456460973363474,0.1622568296102542,-0.17008492833027547,-0.08855098791708017,-0.11392793784243624,0.16211779417000005,0.2916086315753256,-0.15015449397470618,-0.029984613771542483,0.04104714647108741,-0.05421016615091566,0.1883609835129879,-0.181301077335255,0.06034928379308387,0.05680677528446411,-0.06661681008514174,-0.16782809212242783,0.14455032272964746,0.11226933392928011,0.018241925655383108,-0.2577476313226903,0.10949615553975951,0.19659618576632254,0.22634770436276253,-0.03958520769433797,0.18190045002088584,0.2193132090642211,-0.12345703519875773,0.09282263213780975,-0.2146495183069312,-0.014223718007359916,0.32904184380233503,0.034533724404608425
-0.11686845516846602,0.08077081115676246,0.173071172396086,0.5281678924962365,0.2662214856742654,0.47879644896345763,0.05601796299162395,0.48093834203534924,0.37647647875891754,0.3731108230558349,0.251792347190929,0.4186299239663941,0.5051329140132431,0.06044641635540594,0.23310879948573646,-0.10524618343419333,0.19969969633052934,0.437493298885797,0.14737247451002147,0.37908074921133633,0.2334376113133417,0.41932255775973565,0.07534509843908618,0.7149951225671578,0.6164778714230917,-0.08610142049596156,0.08598065878864322,0.3857640157270226,0.4948498456219738,0.08635543718883083,0.13966097321997806,-0.21232148571253293,0.4839562328975972,0.12130332863318327,0.6171263588033146,0.3518831607071517,0.3057054097127859,0.4038789895860695,-0.14728159275627173,0.5881147229190701,0.3068398842811253,0.48910568081117384,-0.0258769782461105,0.08348816102831307,0.4564260671121762,0.22431378854274253,0.1085177561142904,0.3540815156577937,0.09397482705449543,0.1825675869274648,0.03572529850588917,0.230418715062758,0.3161107354860616,0.12942621373909183,0.6315236252861541,0.11435500268153374,0.3504697205387524,0.28337089014418865,0.5070366213321114,0.39295676353537035,0.16322317517728635,-0.039528855104892964,0.14063745754404652,0.14704419051015227,0.4440149806355223,0.786371467446541,0.5057702332468217,0.2987662658331548,0.39686552115806883,0.430077020043795,0.511330246356765,0.030971741697239687,0.24802365403251553,-0.006874209432023655,0.3585258622373218,0.6531423282336762,0.18589621739010118,-0.030518450045170405,0.5539742534165455,0.2813274191450167,0.19583634060929986,0.09636789318470179,0.5738937500529134,0.04003886821576029,0.1567769633892459,0.18591796209579317,0.11841143354048522,0.15884415472887015,0.44016765251356565,0.1658409204944637,0.21695086923843573,0.1895070368124993,0.1798359539851717,0.28335305267232325,0.05350159287726683,0.5128921383059457,-0.1378998717081145,0.26194597315882495,-0.08796250180876862,0.0023721703681316383,0.24401100613238233,-0.0905671919752882,-0.015122391017845202,0.1401588094387515,0.4023254706412259,0.201245753611356,0.22943700787508264,0.0988689440959639,0.07144708393944106,0.4558888342414235,0.41342465577828197,0.3658571714283563,0.1630530446608774,-0.14996332032979817,0.26293667914583824,0.29003052437332405,0.10731369321167995,0.44364385677113505,0.7493352786933717,0.1132563902861528,0.6556034342684945,-0.15004139423540538,0.33914857426129935,0.2685687791679842,0.42851132246519996,0.015732097927414226,0.13529246220553814,0.544910564970281,0.1876044040768217,0.13952771955667118,-0.15771647770761646,0.009746747653483259,0.1358281824229088,0.36652563998269727,0.1345933177528865,-0.14023804935834155,0.6313043949039003,0.14614594905984152,0.22230548328041289,0.24353388876426676,0.0352495988513707,0.018096488436577955,0.28662840451124116,0.46015395510475376,-0.19867889874493505,1.0,0.12967008532265448,0.18468048756452263,0.3585300681411029,0.1536478873858682,0.2241750084024949,0.38445973932293537,0.19332523664664783,0.35349394741067114,0.07481667343980765,0.041227296242939256,0.32626519265476245,0.018069533706602272,-0.09379941794602038,-0.007840046319864903,0.46637819902409333,0.03775442463185309,0.2672773416008045,0.319229296694093,0.20507259115550247,0.0054579069934571215,0.45570214638927087,0.4913171301480038,-0.04408169049639059,-0.09119291025250897,0.32012094154272797,0.12893957025010394,0.3092807356902734,0.13808949205241902,0.08205706083225199,0.41407102516885325,0.07578005648051958,0.30351976652609947,0.16466263120864078,0.32136562203803243,0.10634470340821513,0.29034913881466273,0.35043264233727867,0.6374354864674989,0.6980301936572518,0.14448140198194104,0.4112967676782844,0.3475485472826744,-0.19476080998857412,0.2265260604079845,0.17738983078654838,0.3412639220134815,0.14893681773365341,0.20092605092966687,-0.011573150136176855,0.3482559158102074,0.3993322199369827,0.2227974177881101,0.062145412895267683,0.5981279460464859
-0.268504193014806,0.49004933396021766,0.7526936095495241,0.09634616007654856,0.42815950592039687,0.5485781943033747,0.4381881628782396,-0.007343154127380778,0.2208161716394717,0.01067340296549579,0.17880353224165846,0.40604591590914835,-0.08287883095215659,0.4724419788257402,0.07665844283653685,-0.3201332069821373,0.11488763400352477,0.43385567997662505,0.7278740689342784,-0.1335860907802164,-0.0014643188925160084,0.5973433104633258,0.06442830146947731,0.01700580243886852,0.21537769389912725,-0.005454356493343344,-0.06189829176352222,-0.0014380561779801589,0.6838947368356255,0.2707569584212903,-0.029277029905890477,0.19561307369577718,-0.29060816436485554,-0.15324910123202493,0.12387929603433552,0.2561743151183241,0.41317028152098034,0.24529901944774998,0.29458876985428717,0.3532230549634642,0.2633256644615351,0.3687100363966766,0.25184302870624764,0.17150780938561644,0.4046737243946545,0.7847524928926001,0.06070023645005883,0.5086594839570245,0.2404150384916339,-0.04168008486080653,0.3007116548145867,0.34482717011903524,0.09443654399812183,0.37176541736573704,0.10272135951895041,0.15233969308654516,0.12964216567645082,0.7186594786269114,-0.06220472428018364,0.08344388674127227,0.29784410205952766,0.2802175445460672,-0.19405170144829467,-0.07151013647680342,0.02054150627939141,-0.007700710383696322,-0.0007594870008555793,0.22649517659171164,0.30027203258064733,0.26785815911389815,0.16480141442509752,0.29452589135978263,0.033135120720217924,-0.18613572779380663,0.40122162082728463,0.47485230596839095,0.35089611620742184,0.12455951431730623,0.1087353168440288,0.1901747465194806,0.8888923763263267,0.5462408401716908,0.029957524412688848,-0.09276293211310369,0.03375663820422865,0.16037682178032747,0.24703821727798467,0.007996473863731195,0.45530943957819253,0.0340040740282907,0.32056560808791257,-0.012597185522176212,0.1416614297278194,-0.07569162841956288,0.10298931102462168,-0.011403405674476346,0.27693024749288864,0.13721315536372777,0.07758005713618005,0.025120215370791663,0.22351631335356573,0.018923089749644764,0.18210940839824238,0.30292761515517513,0.45689203227486047,0.2932357515772058,0.13772233398996858,0.13122596151881472,0.45974298252147144,0.1330573098489289,0.18306004977144674,-0.016437036604561975,0.17742908729224163,0.30251067652487634,0.11257735051264484,-0.43022983680073934,0.22271919923708794,0.1660693084212778,0.07727867404889967,0.21659655174531606,0.013422609551696045,0.27988937441725903,0.16577037661097532,-0.05676887191095225,-0.18738650581172303,-0.018286444055338,0.3249323982144784,0.03802810106426815,0.050998922466923516,0.31555738866317035,-0.01156727023315643,0.27156096352578923,0.37437729520139684,0.018232026314577966,-0.136376049334846,0.061965901702422124,0.09747426011216571,0.14330919165715958,0.6358307607204047,0.378608854617515,0.07717488103724508,0.3166566922692273,-0.14451105062165073,0.17490503055111378,0.01890416773313883,0.12967008532265448,1.0,0.07285415110917193,0.27088505898435694,0.1996523095307678,-0.19629754643942202,0.2589871943979009,0.2262724834689693,-0.13130255690390016,0.07519124233352427,-0.21414453182682128,-0.05681610286875255,0.006419014535243265,-0.03022600582215083,0.18542912408756598,0.13914015086103515,0.07010367198296776,0.34503812496061187,0.10998937747953118,-0.04453933616794567,0.41440744063608353,0.1268525671415684,0.21259740386955106,0.06017176709656794,0.12968728490336112,-0.22118901366418026,0.3128200893584299,-0.022453343704354225,0.6608051212775127,-0.04305876127653404,0.3218844983822142,0.15182610961718326,0.13123882416472626,0.4733457977043218,-0.25154982281224975,0.22139013910956232,-0.3142097439320877,0.3166968921234409,-0.12440431305947218,0.06994355524050945,0.4504406524505711,0.1906335454323103,-0.27134729897913007,0.06613413229455757,0.22976440397212414,0.29762105353680396,0.17799874086209963,0.4792921956590135,0.2596215372678807,0.49826878992867935,-0.1476401111761555,0.17782346511069214,0.23089602171582602,0.2808213670603419,0.2618086375094687
0.08546826156703778,0.06262459654621814,0.09275588513070306,0.4304847394115892,0.24494358560075927,0.22598195909070407,0.09486330158682468,0.28716754279254164,0.2936006460257735,0.4462838432601575,0.23051980409588502,0.13824815124763182,0.33962443487354416,0.0021773672110242453,0.6053252463465921,-0.11711111054026668,0.011132051091595763,0.5967043343037721,0.08842523426028479,0.28986473749829494,0.1811098119877779,0.33356380115797346,0.04183704414399679,0.198857127953704,0.3163385894208431,-0.052425026596552474,0.20960019049330675,0.208008647585842,0.21168165001269992,0.2912485849102013,-0.055123811000238124,-0.10787060564291356,0.1039713934601007,-0.15786241539278192,0.2324447033792761,0.43788688390794345,0.40463099747959164,0.2703299862651903,-0.06998823599769743,0.4034115345222001,0.24491010822674475,0.3069370928028616,0.1522358567264369,0.0584380133597872,0.46731990314487243,0.13808691664087372,0.5320054177707987,0.4227790163873304,0.0417063297147753,0.22145741074639338,-0.018392271089471137,0.12876950545730467,0.38514554760230385,0.18962091183870466,0.35359144182297403,0.06522116849433647,0.1097175233347199,0.23840250667359034,0.21671270263405948,0.14131870740386648,0.1276087627496629,-0.0838883063506293,0.18315249650084114,0.0369915223536031,0.15429518024795916,0.2924965598083183,0.40274073307537284,0.4457491456793061,0.18795851182657802,0.12704111612473637,0.2905759144488765,0.19012576703239253,0.05477282263195305,-0.04689741161566406,0.18679579577622227,0.30139391129453613,0.027235973261978512,0.23019435883033715,0.33610799531389923,0.31322608311668537,0.09691541093692944,0.05888297728091814,0.22159225866063945,0.4650044646117501,0.050309238930400374,0.17418508701759366,-0.028120096185240275,-0.12436448025182673,0.14445954451282617,0.2107476506472086,0.32941121504877113,0.41278770847679513,0.09361162616043205,0.432482980825861,0.11352316511840273,0.18860630523075875,-0.06591842762750669,-0.021379920925391063,0.03934674980529777,0.006885821459396462,0.19057871410431618,0.0004526161144103467,0.36295143757625636,0.1301315882423769,0.27904019053165147,-0.023489125628845278,0.12943047012015255,0.1423555402752186,0.1123126562223836,0.16108257426118094,0.34022812273527625,0.38912033057950535,0.1427903189592043,-0.1849186158324815,0.15650029272936494,-0.031809216147009864,0.08890383084692437,0.33227643115338956,0.3685600471634133,0.12203183609451268,0.25789562137992966,0.10409455830235746,0.4062678262204989,0.08664358627010918,0.3365268935990939,0.19465755906131815,0.0311670627372113,0.3143417668137398,0.17501348456669977,0.530291400581194,0.050205535777001264,-0.09393992317814447,0.11033983970968013,0.36652696776339144,0.25612330992854965,-0.11598105966156814,0.3552203683101562,0.17213608371921332,0.18394901071995515,0.07706324093410206,0.029830450635791175,0.04421147961943593,-0.019670497304685126,0.22004364435731946,0.27478410825509886,0.1846804875645226,0.07285415110917193,1.0,0.20505326906601484,0.194623476156305,0.08473402639091748,0.4273586759669901,0.09015200447160347,0.0020724497875613803,0.29548065479071184,-0.10777521023407956,0.1191676908063655,0.08864579958248683,0.1563788787904288,-0.14078845930695952,0.31184177334330876,0.39991843257922244,0.016331250322431948,0.2257153864767879,0.010517164040394591,-0.023447848116492403,0.30128469842877326,0.19816947795455073,-0.07981714146565873,-0.034123329092274876,-0.04708686743828652,0.017044919994347898,0.28111094132803177,0.07778579287727508,0.0162560144121651,0.44133688259186044,0.1338044655398451,0.23162378311164966,0.3127118025284939,-0.04212082293047159,-0.10036248991596752,0.32255007694422233,0.1121012594383023,0.2661038475191519,0.2660041289384021,0.09359005810093818,0.2810658321122794,0.15345487467390392,-0.10372380338844635,0.289977708842618,0.1318077609727006,0.2798058524185319,0.09993500360313337,0.4393578444071445,0.09613502208521583,0.3099874250906967,0.21786410440159643,0.06825785877954979,0.3028986776399815,0.4270071939913375
-0.0700521017126639,0.48396501558519384,0.11478913836488396,0.19496116572316866,0.4462131562402688,0.43816817448733464,0.46971539676034885,0.28909209313466644,0.2679480377128009,0.38754086708667557,0.4864722338210405,0.5677572156424078,0.5293073858724942,0.18502254916851973,0.10424987526709194,-0.1395352899651119,0.25751581438147647,0.24743580945132218,0.06547202532266583,0.23583603622330365,-0.09969299119617556,0.41876157300939904,0.2631705751336966,0.24466066205437015,0.5755211666611655,-0.03987954952531091,0.0007890545027255014,-0.065557396582773,0.4563901495170924,0.047717519966885336,0.10292188111884076,0.00576957138180093,0.1347967496868788,0.2685861707123467,0.11907933433066331,0.3511321589976286,0.08368655027484855,0.4825262148744989,0.2625221646020851,0.6208218419938875,0.2113696520882569,0.5317691624257803,0.22100788796658508,0.20443975081772792,0.2881776939682419,0.3933596128513949,0.11741753956097936,0.1991188802699882,0.2482071114584626,0.45272631017769066,0.09902899300090799,0.0646655665338159,0.39645034303765125,0.09712581952021479,0.5391122452483017,0.5008311695706541,0.35936464352264724,0.28374047470658964,0.38245020417246756,0.3429476413720598,0.4635649948389164,-0.14666930328035116,0.04236518573433374,0.10230131329904159,0.08932797190377588,0.33731165295230314,0.273928170273761,0.09142844633509505,0.35126490824440093,0.26966406912912144,0.3789370397270948,0.37152806051761167,0.4399774238481046,0.1441168439930082,0.705234058475465,0.460296448319845,0.420354384823285,0.06222041692664743,0.28428788446046055,0.3904382565553949,0.24328830780432345,0.3735632768275787,0.43418018771518707,0.29221448160167446,-0.11681150754791049,0.09968824938190153,-0.12627933012673298,0.18650904054874679,0.23834583084891953,0.12360225319705963,0.5036150315419547,0.06660267815234269,0.23460231056803274,0.16685973564603834,0.37497632748405324,0.3065418852661928,0.1782083824564992,0.3640872000859336,0.2583770965003167,-0.12904457006697992,0.44100492931621005,0.09723357882065264,0.08430927207352296,0.4611825854130393,0.12294962425178285,0.5069637216349628,0.34197759642757364,0.048965822541211075,0.19747891907688467,0.15367085950077192,0.27146318697792865,0.2199054509928131,0.4424291924590561,0.12262704388331336,0.4391295612852821,-0.025524258739615203,0.3077240732633836,0.4606179765254548,0.4393775090505998,0.27667782543286995,0.20331154598221138,-0.22385545475332833,0.21437708434567662,0.24274837796866472,0.4381990669036661,0.31096332236173463,0.2693648288859832,0.07869624323506677,-0.09278722951048568,0.1751818862633013,-0.01656840953174592,0.060672028705007514,0.46531363633507694,0.05431793402539687,-0.09138337390530983,-0.024216309277314243,0.08372076008832437,-0.02046835265633367,0.4241197202484166,0.3821182758072066,0.08962111178529092,-0.009963346602399366,0.003809780435136186,0.474212587594542,-0.1007510268605632,0.35853006814110294,0.2708850589843569,0.20505326906601484,1.0,0.2992237432304069,0.3730561857240806,0.17837424808307467,0.25625285876250764,0.15906829629538768,-0.06762748447859747,-0.03887571971726583,0.15066594495632005,0.12991184853767057,0.06962086076613094,-0.05999528551737169,0.5850304426207567,0.05144351005684048,0.24526904759392223,0.36293125412987376,0.18246707875555726,0.1750014988171141,0.6777699265972394,0.565001476188736,0.10231045548841858,-0.017630594147566937,0.2373972122903727,-0.10804761996952694,0.5808812300426807,0.33735304331706517,0.31046285055758005,0.22260781387708112,0.00041537394926873184,0.19738828853323725,0.06338325149361448,0.07201778045204572,0.18553752852184632,0.15776028656417554,0.5597976506295973,0.3955174753962283,0.13368105107258837,0.5307580041546556,0.7838888749400507,0.285342186729468,-0.17914130283959942,0.1890540040379689,0.5266213520620832,0.2721503139820317,0.4565469268338512,0.10928332679367858,0.05095267873977806,0.40342341118050723,0.2701259739409424,0.028964298956750446,-0.02693470939173238,0.21079565877861323
-0.3841665382611977,0.6518873508591398,0.295207945006358,0.093022314895858,0.3385942932131502,0.40259351080417716,0.287065167118165,0.03382889960491907,0.06426766474505609,0.09778959194922937,0.46409979913386806,0.3141705198314193,0.1974653206205779,0.4241672490386421,0.0917422632317007,-0.0003254534168820224,-0.15154190243579113,0.09477130593771009,0.325240247494285,0.06999528565123739,-0.2167246002876813,0.19749722578335716,0.10415353849375432,-0.0038550320316543844,0.182861286317915,-0.33824457519189904,0.008760894352639284,0.3060834361056455,0.22677954060868544,0.3058316058189349,-0.1860825916738306,0.19472527486136462,-0.06354572626885126,0.26994934653882574,-0.12257087927081259,0.141593512146337,0.15221704792692947,0.4354522039071483,0.24084233264110452,0.21708955677270544,0.10198582654119939,0.2089656737457422,0.25825458778643867,-0.1938686323925888,0.05994289095143902,0.40268605349644226,-0.08739833827537294,0.11750822806953035,0.34515437761045015,0.04237652035599108,0.22406685163077925,-0.11517127486544357,0.2366223405541734,-0.1278717742787879,0.09915389261453161,0.49021605340870333,0.3281096821302575,0.4831387256151232,-0.03298042119398285,0.16081565759309593,0.5675921567491355,0.03994138064097205,0.20849143364367428,-0.19285116247497514,-0.03923158000372879,0.10892836689266239,-0.13943959384384713,0.15342258370035677,0.4431077472924387,0.0762057697714641,0.02039941309610378,0.5251686059361592,0.4095932444514218,0.256217488333138,0.33916202663912115,0.18605947807107956,0.363380354105796,0.1301597912238638,-0.0698644598887818,0.15099129587815688,0.2778933308992852,0.4100405026094005,0.054326134543799,0.1963471865157085,-0.18209462628009573,0.09082630483023282,0.10305057767504934,0.05919421112791374,0.05967998494404697,0.053855223929946336,0.336735061568288,-0.08548320896016204,-0.12204798405967372,-0.005513644384257403,0.29327034645712113,-0.13154527311593964,0.4681785311171018,0.1125063822701117,0.3390549043142229,-0.15536202860406453,0.46316786343733146,-0.19186723322134233,0.39564902528800044,0.5460242803552434,0.35104808939452636,0.4707407785288737,0.3235971671321862,-0.09617697977325085,0.34339290117140053,-0.06438667215548932,-0.10223261397837244,0.13311865281260657,-0.02336782219110595,0.05831713165844738,0.015363927025729016,-0.12696209912371462,0.5933241236943491,0.1408294809996723,0.17458143327120348,0.18774218293312353,-0.08287708900766053,0.13350226550472474,0.24266500742221125,-0.042855419770216646,0.13199560978697716,0.22524839424439813,0.10756188066814375,0.022426024785925164,-0.0770397540634734,0.07165831777816487,-0.25305031388221483,-0.2525093690731036,0.5206821452603424,0.0996116257417525,-0.07512363000908814,-0.001057184171541708,0.01339551676751655,-0.3032111197583024,0.3678430531269846,0.4942037058431751,0.6238309477450268,-0.17553341484612273,-0.1498347651849757,0.29099501069657696,0.23120520506285533,0.1536478873858682,0.1996523095307678,0.194623476156305,0.2992237432304069,1.0,0.12826386131127354,0.18323551616398315,0.3404928792018763,-0.14922093534340902,0.11769225115041938,-0.3372618696138797,-0.17363926254723444,-0.17356897673279867,-0.16650166941199543,-0.09080960822460446,0.07335762771066874,0.15708702448284426,0.30219411323692624,0.033871550528924946,0.06990103384712877,0.1551751233980389,0.30997699415860475,0.21420752065879198,0.007613406300554495,-0.22344440710499963,-0.18609451724317685,-0.14298045673505275,0.4608401981819453,0.5408111653433983,-0.17154966321475337,0.06515578657016859,-0.21761834630203267,-0.23110121870391115,0.15290293145735756,-0.3079907304119484,0.17876797518207713,-0.21887279563780232,0.4517114091998466,0.13100556406356015,0.2245675669716968,0.35783333950938667,0.3809121482586507,-0.07059089389965391,0.08191616967188298,0.3152593366992023,0.5120506758655237,0.0814687199756657,0.368185206911382,0.04938574542905091,0.02746844813951774,0.2238264457695484,0.14888953908706626,0.05894734527262874,0.20338766288456248,0.09008140669878455
-0.07920112623805514,0.06313097286475844,-0.22395893088194505,0.2654670528066304,-0.00012067924291643577,0.15552698198826714,0.03446398290387051,0.13181204920219386,0.2969928340251715,0.3911310944764687,0.225483845048023,-0.059969675271557166,0.44125304058505743,0.028040021889682593,0.07859381948216469,0.19307277265499406,-0.10723761114777182,-0.06066629897822409,-0.24978235746534902,0.2618520014546061,0.07180045468254598,-0.14704002032569466,0.4590720081224661,0.3860924782842084,0.18093441344519678,-0.12094603165166937,0.21440815847198638,0.007158461302897514,-0.06866156283910577,0.07602440919417287,-0.04243357226809349,0.08385534069199714,0.24654357061142812,0.47755734398842453,0.08970259317578119,0.12053443262713373,-0.03303685205608197,0.13723605943621747,-0.05544065686907458,0.11674631735900608,0.14005686748419632,0.2280913288801115,0.17855130799541766,0.11642756898502264,0.01303086987550659,-0.0750536481796273,0.2850976652275523,-0.01240605462995216,0.03993182010290541,0.38349118565356466,0.008837429553973954,-0.26652344497874964,0.20981090725791185,-0.04448548047743976,0.42003967893679384,0.33281428785467077,0.33177383952168515,-0.19292418005502301,0.18915173450655653,0.30952290736495897,0.2459424546094445,-0.15861558108101023,0.37331806707479037,-0.033404048725145914,0.23310676292418683,0.3465993051123026,0.18153403283736272,-0.07958455515605128,-0.039334246645789134,0.17377480528367206,0.026598614053286222,0.12485907625746478,0.45601432762238103,0.3514387098175834,0.10373061045173826,0.18186634368440194,0.0590532479421031,0.11864663839313112,0.13922867142813952,0.1705317569494744,-0.25716060395127616,0.06250358392371413,0.23574429630143795,0.3366056979703797,-0.11385586969054672,-0.07731625709984463,-0.1530929230478994,0.33764804549737687,-0.09918719961933739,-0.06543380657845572,0.06450485859563661,0.16955910928447424,0.08266861454329567,0.16099928300015098,0.2457198739215704,0.14183217860301656,-0.018961509654996673,0.26707241104035256,0.3397540095793055,-0.08721520389633636,-0.019158983030498615,-0.11038566739233754,0.16894678643372887,0.10831345738845248,-0.03632603770252878,0.12604754855869232,0.24728657701334356,-0.13674353575444523,-0.0809273670552903,0.20714849939141106,0.08047283803202855,0.25170203567010613,0.005741518700791362,-0.001139867953515493,-0.007276950757550008,0.3958061946282199,0.004820146016920366,0.23359620542078322,0.3052424459582945,-0.08176322125110996,0.23136505185567127,-0.10417007021319231,0.0584719053358065,0.0978371351338204,0.5204540005709738,0.35662867450004615,-0.021651646126162948,0.09185738879876237,0.07560541069764416,0.032947902052567604,-0.26897877832228523,-0.16018440939467637,0.13247312104866998,0.17716870128380532,0.032117017975494724,0.055921755851036446,0.07769140426562728,-0.15114141995353858,-0.10468405152963442,-0.09833414255050618,0.12784232370944776,-0.10663954958451635,0.007418654675335275,0.06749660984611193,-0.027371269269241723,0.2241750084024949,-0.19629754643942202,0.08473402639091748,0.3730561857240806,0.12826386131127354,1.0,0.06653042054923106,0.1826927283739949,0.25951780454522877,-0.09470678133388584,0.2584648879003085,0.2535260627051991,-0.19638991578993736,-0.10774865140633733,-0.11637562322554432,0.4500323286765419,-0.005563684944909194,-0.060227324111485715,0.1258523699631187,0.24241946358023886,-0.12916208868233783,0.4649389166403361,0.3051899837590333,0.22986649164673048,-0.14554780156938654,0.3560660748060304,-0.22795407967617196,0.29770695602196356,-0.12746201520360462,0.017970056868692796,-0.10637195202136114,-0.19921360869074986,0.17287238117670117,-0.15057730574848593,0.17921224624620904,0.0524622365514295,0.4835904711902118,0.25719663465471465,0.36261433209344124,0.21149217438902854,0.014129115105678327,0.26495842378919177,0.30968049341906595,-0.04508427956494225,0.04235649093632021,0.14849420728914003,0.0432477021189324,0.00328156096553728,-0.03564663445447171,-0.2907705891212114,0.3002053727918715,0.06205686320300702,0.13207412780619915,-0.041093439288422184,0.1826595478340294
-0.10720876754925722,0.055273399367328724,0.23170807895796283,0.5789998150065322,0.24851699824173692,0.5247177794213629,0.03418002850130625,0.2973955286523762,0.4012305847033714,0.2112368644355184,0.10540921425458033,0.2496854840063248,0.21075055053681677,0.020317861845300177,0.41476105299256605,-0.07258555606724715,0.17146924741755518,0.5413825197864991,0.21096220186342787,0.24878096062865365,0.42391416313893165,0.3004647435745488,0.18032666771820938,0.28988872809733185,0.3876319774189807,-0.08068925120210088,-0.13134399358238055,0.4679278103405427,0.36924056981401404,0.24255974459621296,0.27294318610748036,-0.028825549552271044,0.24288453074321045,-0.037159458133162224,0.2827516722829971,0.3652275391914428,0.4345784771460878,0.3823452405013743,-0.19249570938199762,0.4163111011371446,0.3884260994517501,0.4312159929562026,0.054228031353014086,-0.0833921106090806,0.29294529929113716,0.19671774196018793,0.2527978025891111,0.5016729496988168,-0.02420166169731355,0.04297027505603492,-0.08096051681849503,0.0482205359271386,0.5242544584755648,0.21247701279639672,0.2903246716307595,0.11694265835818834,0.43239864707328796,0.33816114679484743,0.3219240524102161,0.40155420691309207,0.1604717345897871,0.008760575150843485,0.17665523298014957,0.20061606387581501,0.4068373132102194,0.3426386521006201,0.36256310946604736,0.5982054768928126,0.3026652329927663,0.4516746447915221,0.5141586482820545,-0.007989128107599892,0.2637884734438962,0.13335634181696246,0.14127707586516733,0.5654194404761829,0.2091928658794268,0.32253016231791204,0.5084202019199258,0.3210629565819621,0.30141667947927697,0.08033755401746162,0.3389739367870072,0.08578160668854952,0.14238399924353567,0.2920413940049075,0.11864383417679142,0.15778765826563015,0.3592579010511183,0.242852188698372,0.32535638599979805,0.4039935218132113,0.27356334788163805,0.26045658006364125,-0.059458244530559666,0.25145939860935945,-0.10757854608373843,0.3124089514764906,-0.02733945473526347,0.04743728370264328,0.10135831165694623,0.01729070008698591,0.376033705279509,0.1938576901608815,0.47943644177412514,-0.016200711752807562,0.12089111373549499,0.0854686722350016,0.12791328380550634,0.3811234870411562,0.49066195805495,0.5050507622411893,0.09172348960168765,-0.1372257065321271,0.2634934677168117,-0.0817356345776401,0.10673216150275378,0.5508063981751882,0.5091029107531629,0.07753082189165104,0.3726545018209645,0.043512210328428495,0.6752781614834167,0.15828605746110866,0.18201940697281216,-0.047035173528086095,0.0932272641942337,0.38607536505499906,0.3481635560846041,0.4368867257895456,-0.04839825527255098,0.2716392465293281,0.2865811752696462,0.5079594150451672,0.15272558778643353,-0.026551580943566015,0.5185250737168672,0.23827781844961296,0.2354583210444301,-0.18179842724946998,0.17998321682659413,0.1083422703016172,0.0938807250675379,0.4278765800372035,0.0650543095126977,0.38445973932293537,0.2589871943979009,0.42735867596699006,0.17837424808307467,0.18323551616398315,0.06653042054923106,0.9999999999999999,-0.022870430414768633,0.2537066847283567,0.3771445925109079,-0.044328084882044455,0.2828034261494643,-0.002153239265184021,0.1423152356651656,-0.20409251269224218,0.2868175253189274,0.5533083267851006,0.3345276029813253,0.34935612676522265,0.04172612619116266,0.025390255750397606,0.3647319191056417,0.27369917156475027,-0.0333336349094533,0.18915289763795554,-0.010086373057762091,0.2966175489256279,0.2018092182431711,0.07913244445844739,-0.00316246353931905,0.475713154553484,0.23370601359985915,0.27117292044187125,0.4386925782121288,0.16042213115260287,0.031908655243997525,0.09896946658767636,0.10524674931886252,0.34596966825946546,0.46149790483943787,0.2176291621650988,0.3753762370204585,0.07332388502774978,0.022866887210762164,0.46589798887013323,0.044914061238462505,0.5003448465831507,0.17035844651493195,0.41072297684019604,0.09279964914578906,0.28313294305937325,0.3136068616946102,0.23222918517711316,0.4385817243635214,0.5424606877794781
-0.07385113023245675,0.3315557833791046,0.34935075622318584,0.021328637569158135,0.1566629854028572,0.25039959601682754,0.19842170859225491,0.15833717722507804,0.07230309363711192,0.08383466871626263,0.33565370349885393,0.11755600156909907,0.12438318439828334,0.46622081924213205,0.24432359768810216,-0.008759704317788984,-0.056382820722541534,0.08671752442855733,0.24986711298125758,0.007253657187765124,0.0602186218367406,0.23504307817961986,0.21209672357679582,0.04879063181664303,-0.06807102459686502,0.08807228666792438,0.20468815811789567,0.20761964620028295,0.1362862608841251,0.2198372205318394,-0.1013282489577832,0.21615529210863646,-0.012077961661486428,0.3472281808692227,0.07934821554788532,0.10504494300704495,0.19527838536970307,0.19953897428001302,0.2762888422897444,0.13900801019697215,0.1262223923482883,0.10720659819604032,0.3014382045550652,0.16001633168576604,0.2972391896303094,0.3845873267492762,0.11994631668146176,0.1774703730328905,0.4584675761642353,0.23012059282380865,0.38587153739652674,0.025422821269312727,0.14614264717696204,0.07091696000513038,0.19213268370976094,0.14559979523505334,0.1709827498202333,0.2852139558590843,-0.06523311281281084,0.4027928917353051,0.19682200502811975,0.17541256574362843,0.12354006222780667,-0.28715681672958765,0.023143697142868003,0.16454994132225712,-0.05346862003735301,0.08895656856261257,0.29035384850342244,0.07735030837731573,-0.1609259673990687,0.5469160119842136,0.2585701382863804,0.3199156499811149,0.14063586847027496,0.22362710066742553,0.3088237578823922,0.11340684441570083,-0.010742856561099318,0.13106050701855354,0.24726148401825457,0.3134603316779198,0.21612422953314778,0.1355038266500936,-0.07217108078445009,-0.26779388592448644,0.1827691536883118,0.26473016458342374,0.10872687641679503,0.25568138039603133,0.1613687499844624,0.14739416997913748,-0.16820664940648358,0.15901774235897087,0.2473329264358288,0.20046728751822007,0.3023635543844982,0.23956286299166532,0.31459080979402027,0.05074177671340132,0.3227049791447151,-0.025102089602207264,0.2673252769337089,0.28511726896304607,0.21222293470089273,0.5291303396127696,0.43627637097772737,0.0014633965519927285,0.4078119939609209,0.05581395633079039,0.1453876202187846,0.15963336081451424,0.09936443514402858,0.2522475245094646,0.04465651073709827,-0.09786401525200457,0.19673128426903483,-0.057657350801726286,0.011529216760506368,0.028864293668241354,0.11706990100165102,0.23805331278506164,0.24977753612980313,0.026717178537327278,-0.026601319913594518,0.21842346163585816,0.18479712881907814,-0.0722795766366166,0.15347580962237742,0.24557713065968434,-0.02757271511546004,-0.15386376851338424,0.3143682762039815,0.20701899126931603,0.14700682537498477,-0.12327247129319445,0.07620551703615702,0.06486370166667385,0.26005266496054463,0.23082448912450326,0.25182776510973826,0.1106219091396661,-0.10493396430790036,0.035108913099189336,0.36568446720499065,0.1933252366466478,0.22627248346896928,0.09015200447160349,0.25625285876250764,0.34049287920187626,0.1826927283739949,-0.022870430414768637,1.0,0.1262591708840833,-0.008650145737222871,-0.06120249201559154,0.15346086749791824,0.08807474633830166,0.04285482232403975,-0.002948094174641404,0.1744707044992221,0.1277356509703113,-0.043598281486587565,-0.06038797858566086,0.010692868465958641,0.16815982432617416,-0.01413134921462488,0.013735522447149007,0.2346023633805789,-0.1004914722366607,0.026720138267970584,0.04689259015119805,0.22658713502921862,0.48987544983309866,0.08462654870924097,0.03404725308841237,0.05289188814498699,0.11773579116269386,0.18195494705232762,-0.2958555913293031,0.13079253196830717,0.0931062037506334,0.23569659411989516,0.031186459481141328,0.2995941123914458,0.34342743855612407,0.17957297968849753,-0.04368826883614375,0.1639897552752237,0.12863606019536197,0.3504136516661392,-0.016770543850595496,0.2204573321734219,0.1736438300729091,0.0786618995489589,0.23431762421089058,0.15854853014493506,0.11068647878783577,0.07972203397037467,0.07502910848419138
0.14573969453424798,-0.1570762590507825,-0.20298282800397802,0.24046417382244803,-0.07547830601391722,0.048049630314477745,-0.11932980245637333,0.46104933794746394,0.43865865587885605,0.13122958114308636,0.21932636256292534,0.1219566877147279,0.21767435885982792,-0.06235168773824877,0.10222016675576456,0.08001335558857936,0.17523480878999842,0.12141945866295831,-0.20344396284415106,0.1937490409290435,0.24941269001764643,-0.008137829874370723,0.18153277622001493,0.3438179293030186,0.36170986524216836,0.16139669991425123,0.06169023144547807,0.09686674979194199,0.08601888091042208,0.04496906046463516,0.33882398448243745,-0.07856088340601916,0.2205130774836734,0.22935228053373236,0.2249613564686507,0.02488949526314044,0.10718152611344328,0.08912123772586088,-0.07541023393664975,0.12980129998980505,0.2185338767744943,0.19960659064330571,0.15121586995042088,0.07793714330725657,0.18903040787930112,-0.15025697211960812,0.07384716752617229,0.07272776210418778,0.02205671967699153,0.30775541787677424,-0.00041438503837342827,0.04445838117187554,0.2297413352481134,0.23329131415762028,0.26529556259964604,-0.0361917480753797,0.3514695180697127,-0.17383073198594057,0.2505721385427007,0.376487744949034,-0.11119292180397501,0.005211303024818083,0.18373784007539223,0.07308628816748074,0.3377258096730107,0.30898565608634737,0.22012909219301097,-0.02406315692252042,0.11158518521223768,0.3174311478001456,0.36602305244032335,-0.0290305105115474,0.3418150684809369,0.33410634047771576,0.01827902489360522,0.19528232301748605,0.18780302724983267,0.041328618883762804,0.21484162827770253,0.3113606678585625,-0.07168919842720975,-0.009311139647831698,0.3758175973832874,0.07819663049563397,0.13474744109113573,-0.07142721239396455,-0.08920161313702404,0.5208332953072162,0.14598670601085748,0.16941671787429746,0.04876208301538833,0.12254274904545825,0.09434853898047607,0.27834411573626494,-0.12317630485357677,0.36808196720179465,-0.2824010633365603,0.5130912607849092,0.07311957861909386,0.026404388039381957,0.0513682461005557,0.11701480243679348,-0.032676938602421324,0.005279922472827199,0.05865772470601784,0.04358656465179505,0.15368357270071648,0.21958279825977556,-0.05693475816332899,0.23960484289073558,0.4414533999367405,0.22065556659063273,0.12210813524388345,-0.048645237437333316,0.2443915964410222,0.24251513327661162,0.08834872404924067,0.3225114874750831,0.300584608488501,0.05541882840402487,0.33285895407973126,-0.16419241819588537,0.06655958083218631,0.3786704681857138,0.3392240492824518,0.11072959971006949,-0.058061719327717545,0.15216319905081407,0.26639010227547094,-0.03998217984514035,-0.004802210966673956,0.16765619783262134,0.08743207070903461,0.18482137131490176,0.1075178644822634,-0.05448936262211455,0.20608126865714954,0.19556595819511707,-0.11945959113656661,-0.24779310243008704,0.005226244739750243,0.2453572046512034,0.1011806319452451,0.2463727235723577,0.03905901970495872,0.35349394741067114,-0.13130255690390016,0.00207244978756138,0.15906829629538768,-0.14922093534340902,0.25951780454522877,0.2537066847283567,0.12625917088408334,0.9999999999999999,-0.02905849404812041,0.1877737583413212,0.538489310473475,0.2112474691698332,0.15235101663385692,-0.049412167842025144,0.27432796218406325,0.14470925430471765,-0.027879243708284183,0.27765128645628345,0.3904875023990063,-0.16837252648004647,0.19066775631366067,0.17512970889983767,0.12749854189583748,0.13619479249213065,0.4526652651541331,0.13331185441594834,0.1799810029231758,-0.17925008858573552,0.09512328382077519,0.15504769796352041,0.16389983466126434,0.13332337195204966,0.13227233393046886,0.3751170424060313,-0.11609730480845956,0.19033427852424367,0.02719933356376095,0.2862631848143205,0.322064472673272,0.13792633798159348,0.24635172279291884,0.36184596618739584,0.007627703825451127,0.11796807315497326,-0.0438213868979938,0.24107990968091256,0.03815436258539533,0.2512451011234619,-0.14384613343678035,0.33429535064257704,0.20078181550789995,0.13833330121548465,0.11264196491015653,0.3365706082049197
0.0608158237868583,0.13165182517789187,0.2635562476534573,0.2526700344003904,0.24570126883125,0.20023015889932952,0.09297151612973696,-0.13748032708722388,0.18393275822614502,0.2145740722490242,0.08881562447446102,0.004682736290171061,-0.06655805974607602,0.13259670986776756,0.4002101998307474,0.0424740534119881,0.07471681512269585,0.15607952638540343,0.22882947543089496,-0.12014779743283344,0.2124348295125731,0.3072903870179191,0.2333265958872403,-0.20588819192637353,-0.12078261928934486,0.13734775092146773,-0.027276928984147346,0.2668604855860926,0.14742637299966,0.3269444459489249,0.14546056697001386,0.37832617297651966,-0.08851947765215638,0.01645310484520581,-0.07074852839191267,0.1390086759067942,0.5287201127405549,0.05409992254318686,0.017579728775001066,0.07914490393784578,0.5703915759395166,0.21454738219977007,0.10735288487742024,-0.10017553267464721,0.10545534419966693,0.1317805993692398,0.13446319644148585,0.5186101450040759,0.2796839544689242,0.12485564739335811,0.255266705053027,0.29738066108235167,0.1008492537294358,0.1706936784537982,0.0014657839398420692,-0.05550436315964381,0.16128420915564537,0.29573761542130644,-0.15831778172474062,-0.030179910801275245,0.21294087169236034,0.258085067460067,-0.06226626241685884,0.22565115693931212,0.0653047458186678,-0.20084901132488445,0.012619155061768791,0.45864804319761376,0.1541787521899267,0.2999345525618562,-0.04167632959209156,0.19483943013229338,0.16443282050626012,-0.014026100610740907,0.026529806317103496,0.14331105463467197,0.17781279887895102,0.517711326779728,0.1689389005936595,0.2966885846024962,0.16610253601753197,0.1426227973459122,-0.05922321518004095,0.13597901410007546,0.1839103237042207,0.20064800162584684,0.5226704514255657,0.1384678541656875,0.18680585099705696,0.14048160103968965,0.2967246460669753,0.4637935840603175,0.12246272466198034,0.04959856057308774,0.17681465908843574,0.1302781083021968,0.2125573754988534,0.10392243209842514,0.015411211347399598,0.2735502079172572,0.11383886204230659,0.1412428759086473,0.5211211925767544,0.1279993082128473,0.41882358274516823,0.11800136342199113,0.1309232739783597,0.1709785937420252,0.3729883522571867,0.13148147904936533,0.28687096715713556,0.2617926854767132,0.15021434208907133,0.13591379568920406,0.12162858632447594,-0.23048296899555337,0.0850627598975031,0.21608836836047768,-0.04116677852740674,0.26843155809565317,-0.11520077317102073,0.3053609500810725,0.3294979396503915,0.15574857058909253,-0.13849063762918146,0.10297816129735779,0.19618955508401054,-0.07772338780793994,0.0010611656065660849,0.5108249305341064,0.16345642788281584,0.1354881023114945,0.17651659447639,0.30534237465819497,-0.026651569488393256,0.0747936147779561,0.21046904245501522,0.13794741770408767,0.4054682006591002,0.03609284256499706,0.046248973317524256,0.04816388147852886,0.125838300298883,-0.10225503601052129,0.17597386008042343,0.07481667343980763,0.07519124233352426,0.29548065479071184,-0.06762748447859745,0.11769225115041938,-0.09470678133388584,0.3771445925109079,-0.008650145737222871,-0.029058494048120408,0.9999999999999999,0.16587509253392285,0.18544066453278304,0.23080732131362405,0.31787671676721374,0.15060756800068503,0.05327835908102895,0.4872297235011979,0.20374184275931526,0.10124618719860726,-0.10523571827067857,0.2900117278819355,-0.02954412713451616,-0.05830059439113844,0.08694595256808935,0.2156368771870179,-0.0717315628386668,0.38866967596546487,0.055315323822531126,0.16828701626058445,0.01749281295458596,0.294204963084048,0.22017483382487146,0.11651516008739024,0.4356777912303469,-0.07442121893848076,0.3525648971917169,-0.03981918572006629,-0.03681411543766151,-0.11479998372161995,0.041398768022115014,0.17441777007578152,0.10253749347132893,-0.05898398724413351,0.3132495702134222,0.4275372731506418,0.1374593526430009,0.39079579338573495,0.3446480460781494,0.4435242266023589,0.11244127827737932,0.003167224724771943,0.052297633853957665,0.47270348160646736,0.615983144485303,0.13078301754603056
0.5232078473372264,-0.3647627207572343,-0.17204257273282847,0.07987838418875755,-0.19265349663236525,-0.1597538305202441,-0.17683580955798053,-0.07788335430258134,0.12336911121153768,0.0025951818757299966,-0.17931176597878273,-0.14579653793003694,0.11765539982481237,-0.35592124464898234,-0.0017042177738702169,0.5908325702890895,0.30537722319869975,-0.17758272112616197,-0.2760758274170046,0.19533986704495576,0.1699436217343913,-0.07511703058647883,0.2513502750442133,0.057977177887600415,0.007232258219732177,0.49725549533970886,-0.08279063326684866,-0.14137146328943787,-0.27367401833760396,-0.13850835306550335,0.5417825971045843,-0.04083163500519666,0.26687305987453175,0.40268745260671424,0.1414861502998589,-0.06772002194777307,-0.020667152561961166,-0.1771486175930257,-0.2071590562812923,-0.11114583169190087,0.2900993715626937,0.017338028419746004,-0.265258766880027,0.16168824353085914,0.023675517144405262,-0.22348442046207773,0.18846437034356012,0.09870063862952434,-0.15137829122405036,0.5480261782342125,-0.07548065730251229,-0.12547813910128836,-0.19025153775538825,0.14128167266795663,0.019458085021456437,-0.2980538536724967,-0.11619335915167976,-0.29740132349801124,0.2571913077583368,0.14337351375739416,-0.15856481143329815,0.2769099246829461,0.2918618197405218,0.5184324244981343,0.24309836516007982,0.04625449993114298,0.21466712722237083,-0.1578887140541636,-0.3320683639911054,0.15229524624676516,-0.020317605324717335,-0.31051088534310667,0.10507270674997443,-0.16006987459767322,-0.057245248740685345,-0.020567867693471943,-0.16659974655820142,-0.11961901285962998,0.06146068308970758,0.17985566530755517,-0.19178030740778837,-0.28031762850016073,0.028255488006426875,0.03237657310115562,0.2867478333686857,-0.20345460504957344,0.19594529367325597,0.35535614880023036,0.05253947741427725,-0.05039293503133497,-0.34207602861373665,0.13210414885565197,0.4846437465202824,-0.015754164023420628,0.13748152446846304,0.08523596430547399,-0.018454127181611886,0.20076565621668674,-0.03868076361942785,0.41175740514816245,-0.30065384465704703,0.2013729183599189,-0.0210187899723961,-0.3288609999400224,-0.08952864598968846,-0.1448033753709819,-0.25479880444525826,0.045243845214683845,-0.15833230457762656,0.1721648612099467,0.18556574851239072,-0.2008071468539025,0.04557552894984086,0.32890358928941377,0.15868117343076685,0.5186464510213558,-0.3380803923348132,0.011421317850646652,0.02803964360221355,-0.00039725781820479237,0.0011453788638514186,0.003438960318515834,-0.20392132302377283,0.3024970215834486,0.21245787615951608,0.07810460836815539,-0.003316914021508598,-0.05622375279442718,-0.02527616857301481,-0.10651596652753227,0.18894156763691375,0.37748420395235716,-0.3301819362552848,0.012016635911362487,0.031265431174132205,0.6521915556420443,0.07556267246830348,0.26755071993856167,-0.14569461093425562,-0.2665166220045117,-0.30951802289753644,0.09754435378433009,0.4587592268993391,-0.07124655619185637,-0.055860444917618025,0.041227296242939256,-0.21414453182682128,-0.10777521023407957,-0.03887571971726583,-0.3372618696138797,0.2584648879003085,-0.044328084882044455,-0.06120249201559154,0.18777375834132123,0.16587509253392282,1.0,0.29177024890645686,0.2536064317854736,0.4491336160116869,0.17836507847531977,0.043559061513921894,0.029055094073057838,0.13138005892872134,0.04600812487013741,-0.09596724325648077,0.010782652698297914,-0.13066624566309246,-0.13382106311931916,0.06638124357798561,0.3195616103304569,0.611619123292002,0.3089808050921559,-0.14514295726370474,-0.3137798954767478,0.23256382292435335,-0.09496117786656172,0.2991749244995668,0.15734254863679217,0.0017128398372567722,0.5410149250324504,0.16425708836407862,0.28230271927497613,-0.10861779876385061,0.04198719132650862,0.02092830810860269,-0.25594968103377563,-0.0764599126707396,0.4536469196037654,0.32426842634048286,0.034213469976112916,-0.17476524321742834,0.19041755233633967,-0.21162040313797972,0.06419610404121576,0.04410472614473132,-0.16963647724230635,0.13057786925242315,0.006286775322224082,0.13633606924507244,-0.15409174044675997
0.33239242854752055,-0.09428035676815534,0.03934910396113535,0.31028693690440184,0.1884036575582704,0.07121255829257762,-0.13474674501493022,0.5433862254507547,0.44646913507692615,0.28984500077947967,0.08590624937827412,0.08810333475065839,0.2949136296146832,-0.032919060392641204,0.12598909949416637,0.21568778751014325,0.08267617975022835,0.16311838144299565,0.08621027140180529,0.030147825933298813,0.3414532796144582,0.1341041293552945,0.21548813783072449,0.2757593922484618,0.15667776902486866,0.24048911440780044,0.03031764208341164,0.19989214795682916,0.13314764939182683,0.04209950519137728,0.2975024253263248,0.03621458988326275,0.18159982345760814,0.29466981877912696,0.28297463873627404,0.11468619623532728,0.210793075015365,0.02435782747678626,-0.05561890579702233,0.21213239191733751,0.3252998319634202,0.15589783975145038,0.09615143738079499,0.18996827281594575,0.31495403117206733,-0.05439067586214635,0.1066651733772328,0.3437538403804608,0.10247663368952613,0.49573214689845446,0.11410982236810131,-0.03345704400228121,0.1810031192087211,0.221760627670637,0.4161462116745333,-0.1712170862328319,0.29476651595597236,0.006616461100548975,0.08719577650174223,0.2854106494449088,-0.05214723641904453,0.02457216223909019,0.09553010642866551,0.2382358642811347,0.33410941730588,0.33259642508459986,0.11065935382094755,0.059263160549806876,0.08032253858752243,0.3305195528230023,0.12364199189013042,0.06249960833769844,0.21252548493861825,0.2257904596410657,-0.002068798696972112,0.21096051928235887,-0.045250954328532024,0.08729173458290167,0.3113778296128359,0.1625860447504007,-0.0535658296603054,-0.1177901063152439,0.2725928398216187,-0.10563070239176436,0.25145215759280687,-0.25208179109076384,0.05075049159937877,0.4100862118426866,0.18493715416830575,0.20622074088515113,0.24014826106670092,0.2274823960939709,0.2556246204747048,0.1131547172202546,-0.019079032518299052,0.5125609201616442,-0.032578072139948094,0.6080435889339044,0.10178014652291383,0.19993485795858348,0.06768619142179569,0.20544260726415609,0.05161017888095319,0.02419007683716203,0.1505763468980948,0.10495536146601779,0.1952426794845834,0.173619772579704,0.0754635600580488,0.16651407477756705,0.3433987084167291,0.19884695403090666,0.03152568275016135,0.0068351104711070745,0.06580087980849379,0.24668179523080142,-0.016972719159294592,0.3040778096163422,0.2888372369821736,-0.027541412301672827,0.24698322919468318,0.05312961248894231,0.1293088914115689,0.11436687150037005,0.21980622438976233,0.002672206285091857,-0.022413193173029165,0.17807808123618676,0.10159524797771331,0.142925356994138,0.13069570108337575,0.16166311517930174,0.04286618338340824,0.27878131622656466,0.21861627458462757,0.024525326003751253,0.3241600556994375,0.24725744349617684,-0.02540910572188317,-0.17616586714828253,-0.05208646487057503,0.12780723206964445,0.3128490076795697,0.08119412780777896,0.06931554291040852,0.32626519265476245,-0.05681610286875255,0.11916769080636548,0.15066594495632007,-0.17363926254723444,0.2535260627051991,0.28280342614946435,0.15346086749791824,0.538489310473475,0.18544066453278304,0.29177024890645686,1.0,0.28232984077765605,0.30121490986352656,-0.03599742274159215,0.3283399276286456,0.2159105651739118,-0.07066660813160656,0.08788315200689546,0.12111351389114931,-0.05642343348708779,0.17471359921596,0.21416967378978688,0.13039054781627238,0.1861943507608528,0.5164982260237518,0.25904213006772225,0.0007929760027645575,-0.028061856262282896,0.2390497464502058,0.07731207395000879,0.22875144198554445,0.10286955266620097,0.2944822028558715,0.42397131460174625,-0.05953168176235875,0.23997442853774087,0.013436436631000704,0.14239057973239858,0.34028722354852725,0.18596889634350422,0.11537952557438479,0.3998719028214548,0.08769692930607778,0.18237794571155624,0.11039771535713919,0.12166374901976337,0.16409757542926948,0.2547712973864811,-0.16903958749590917,0.260857588826862,0.19357650718805344,0.1810538341539665,0.19533059181070764,0.42825724657629216
0.711558678087654,-0.15022228580019478,0.10491304350189747,0.016453768608681012,-0.025717178906490324,-0.13948235756728602,-0.13220419931325936,0.22362905494097485,0.2868312466293437,0.05291629683123022,-0.023803466381969122,0.2659496065724389,0.16759871800784776,-0.15017134394555426,0.3366934829693254,0.054075400108736085,0.39943771029138775,0.2700157314023824,-0.01528826304585852,0.09585573766546002,0.007502462676603996,0.1854738467312835,-0.07518173711018783,0.05480276327909875,0.14868880111138122,0.7707157325428782,-0.10387793527333104,-0.011404255577344414,0.06319864005622426,0.019380838505085436,0.4994540427203204,-0.025713892407462,0.17691484227687587,0.09605443350329193,0.09150909925339294,-0.017040436948177664,0.18105200156972304,-0.08152122166344963,0.07841290295165251,0.19775156136372596,0.33355265513757526,0.10491853984199918,0.11629145993779348,0.2715754476952689,0.25173976913749513,-0.0832814417972399,0.19899734320541457,0.3449629478795886,0.08105763483332029,0.33940294111800795,0.07133285186743005,0.15558222727062812,0.004222406117806707,0.48898946359464485,0.15477343246810973,-0.24967725171296304,-0.010224612253959018,0.03177821208465075,0.2934222924100102,0.007494468260798675,-0.25912719339484236,0.00020826160850928672,-0.0783396079775353,0.2916441478811734,-0.044306037429163746,-0.04807472851522884,0.13164668956640996,0.03745280202057767,0.12530114017601207,0.25269812012186205,0.11538576799697732,-0.11113257008951705,0.07846261657547571,-0.1577269386714017,0.032296642828897874,-0.037740982753751554,0.0028256449474438746,-0.005987488693239117,0.06319980432945405,0.1941920256360647,0.12707308381136162,-0.16140062579458855,0.11486671246997235,0.009235174707641259,0.5857034089192374,-0.06897194626485786,0.14256573144665127,0.1571423861705266,0.3372023756894614,0.03966125100322368,0.04804849752965849,0.05173171429806177,0.11859079749176138,0.21181505353518168,-0.19000396633577432,0.39220779411365936,0.12178382249958766,0.17005384379128935,-0.19312697140299875,0.43432394620993653,0.03051027849256625,0.7007227839339364,0.06573868243627795,-0.19077049161677187,0.28463848483750526,0.00851148236049388,-0.08641566235149915,0.43205793878423837,0.18844432779799758,0.11130307343472862,0.12663116528512133,-0.08944724875718171,0.16931812847331482,0.11377851064885061,0.5115387151708578,-0.1110109179822275,-0.15121773137783698,0.14590575683847196,0.0677992308467644,0.10076689931256054,-0.04335758757891192,0.014186046087238871,0.031826985733450275,0.19640294248763768,-0.051808515554271316,0.10577965710181357,0.06277783097012594,0.103058049253822,-0.20876517670779351,0.07841288983573814,0.8701874931381117,0.5215505333141106,-0.07833427793715515,-0.024053563672831485,0.1622856573731107,0.08181055102492141,0.11511061454904524,0.6013095729397426,0.06360141966536376,-0.03058928248859409,-0.1801983314130652,0.5052422646254114,0.4276230788186,0.1848538314547619,-0.06693486970322521,0.018069533706602272,0.006419014535243265,0.08864579958248685,0.1299118485376706,-0.17356897673279867,-0.19638991578993736,-0.0021532392651840205,0.08807474633830166,0.2112474691698332,0.23080732131362405,0.2536064317854736,0.28232984077765605,1.0,0.734460422581215,0.24378233365487925,0.17237095587841572,0.1889255733020946,0.06286709697437844,0.13281299605208233,0.02199272963339569,0.07349256020576928,-0.02254785896074244,0.1942767143601702,-0.07700595249630549,0.7081861859650289,0.10610994913889034,0.5800508940223863,-0.09461182940742473,-0.03352545660567887,0.6273889224650671,0.2649309339635692,0.6603616449525245,0.2074570679445281,0.36080819663073727,0.1478427623986507,-0.028490970977082617,-0.0931915586253253,-0.017327580985829136,0.20887487050998987,0.03785534162693194,0.0747953410768165,0.23178310817365963,0.23496078967410255,0.29470330596181094,0.06928637364365473,-0.1432644309692422,0.3312493101325099,0.10973053362576882,0.33343160883060247,0.26092003739605646,0.0865960753300382,0.2491961985499809,0.13210523102023683,0.09242568108608086,0.06176705345830031
0.768232364077438,-0.21203094952320284,0.030768035420887054,0.10548125496291487,0.0038967655277794464,-0.11485855111826934,-0.14158874018224157,0.1784484096253016,0.3944698305054041,0.19477408433989524,-0.04394467350019143,0.22277973830597714,0.1529056797767041,-0.22156570247234889,0.3515459026804052,0.29693050488002914,0.3662743750059222,0.19749238593801838,-0.023469732044302506,0.13959385574735605,0.05642718413394007,0.12500558589091743,0.040850072711507826,-0.04140188772604995,0.07968569070109265,0.8222599288007033,-0.24704316424888217,0.09726738407205056,-0.071081186086759,-0.04708144485217222,0.5957026600234104,0.11709107896329257,0.2264660926808515,0.17110474727149574,0.08233477703937556,0.16412107551694805,0.1320091939431291,-0.06088709578506005,-0.010042434380087308,0.06164964616769131,0.4756170026583027,0.1382189980526171,0.04997280138172092,0.2521198462609071,0.1626485186352417,-0.08789284276699015,0.3174251002124761,0.3397451974368154,-0.03511643509880954,0.389333766764342,0.07224131862968278,0.0591477873503889,0.10604217203021823,0.34175925025640913,0.05010302131772823,-0.3296692964011796,0.04765132112730959,0.028481942890951243,0.26161189960579007,-0.0288206405408259,-0.2400524130287408,0.1348203464693384,0.20871657492274523,0.3598841524171876,0.07756457158263398,-0.09506130133388739,0.11378038696321967,0.19402965360708613,0.04053294491415558,0.2872079742857681,0.16508609733853014,0.004630846514415227,0.14379740825619208,-0.06948016831320139,0.005115365878784292,0.03310036092727889,0.04770364519296461,0.07484756850805835,0.15461356069948423,0.3954930967263607,0.0750386727519611,-0.20342404097681346,0.10599663213617558,0.08946904618258388,0.6085473371302581,-0.1365734965238002,0.2624440969691659,0.24572243934557747,0.25034306928621025,0.11128147574048305,0.10656505164465459,0.21475801801879538,0.33330472754285223,0.26552390938944564,-0.13553342960844028,0.3043789037523577,0.12146453985023652,0.2979883984245453,-0.08061845839981334,0.6347374536859752,-0.08556628492808763,0.759217934469529,0.2871661095490113,-0.1774668813858091,0.2275458879475865,-0.07928036273920401,-0.04099684647452396,0.3204863078052831,0.19007441648246434,0.1230181103100119,0.1377393367723468,-0.04966377014125352,0.1970470742685479,0.21167696230655988,0.3663759576352921,-0.036393049202885906,-0.054210053249398385,0.17722865787480194,0.060947974345601515,0.2189719150264739,-0.10238368618139505,0.31054113086737267,0.19742108547182016,0.2536338844493345,-0.02078164696490282,0.10078317454946721,-0.02957816109624494,0.06262531076029601,-0.016549334239114737,0.18937370911423004,0.7419394010599742,0.5541243417548508,-0.12609513046718912,0.1255309537054773,0.13061350005265884,0.21515264433311815,0.1925657676052512,0.5588054509210472,0.1356518818140107,-0.17672895730367058,-0.09269188430634438,0.40720471946513936,0.5747989539639206,0.1891820726935238,0.03290277722998614,-0.09379941794602038,-0.030226005822150827,0.1563788787904288,0.06962086076613094,-0.16650166941199543,-0.10774865140633733,0.1423152356651656,0.04285482232403975,0.1523510166338569,0.31787671676721374,0.4491336160116869,0.30121490986352656,0.734460422581215,1.0,0.14051323195659246,0.18870761165956043,0.4354906890448414,0.07904290431121377,0.1312775986055796,0.012923668591218096,0.011505674465852902,-0.04969505156158275,0.13151999606464654,0.027724238573454466,0.7335380201361481,0.12749353164354835,0.6262142160922085,-0.11930811731786838,-0.10471318358895194,0.6592707104936477,0.18213915083675564,0.6693991402813281,0.21584986434110381,0.3014024116485659,0.2723647814365461,0.08858629597471172,-0.02173811697045601,-0.05174041027860785,0.08920229480376016,0.034538924637885084,0.06675472740521848,0.20900364949898237,0.19887033511322158,0.4791951588380926,0.2771785040007005,-0.24476608037805928,0.49957336457722523,0.06883162178172245,0.2956440033609611,0.2995056653904249,0.044066407737291785,0.22658636116619446,0.21449526227766108,0.28848636721176857,0.01649691829638611
0.15283973274244467,0.011689705537717227,0.14154201664257407,-0.24593746005722686,0.23032186126674029,0.022262945057429446,-0.04366485251423791,-0.04406925928184219,-0.062445178240358626,-0.05190186084644881,0.0464766273022001,-0.019277315308810664,-0.09593100078886192,-0.019656641626590098,0.06759320298123891,-0.02065323361613392,-0.01648381667825143,-0.05647523721471428,0.18323427215033825,-0.16478466858111732,-0.07666815735002565,0.34064860134612235,0.0427012257838425,0.01125679879264675,-0.12386119190813616,0.21901750491245456,0.07459324764727433,-0.2668242536568933,0.16722308750747633,0.05905638846790103,0.039073904815182525,0.297853452157236,-0.11751238118581417,-0.02636879304347654,-0.09291795962304956,-0.30979822904164994,0.1576149560261007,-0.10728947656820674,-0.018501218840713523,0.03247042377248745,0.14986625499638515,0.001960369364333265,0.16879335480101498,-0.011761541936201709,0.026176221970692824,0.2257673495949168,0.016767588369035975,0.10617356670057686,0.1558828438141146,0.08794028946943987,0.5710116795083167,0.19390282034327058,-0.32263475648866985,0.29230348450172106,-0.042005665017278856,-0.2187007691761786,-0.07356923863871932,0.16778557714489556,-0.2003024354067855,-0.14315038072110314,0.05815544884444968,0.348927445896365,-0.21163185981395358,0.02763948325396254,-0.050758380443113586,-0.21155876371475882,-0.007024398363220048,-0.1652400742042088,-0.24724822326202847,0.10655387938424515,-0.2918120226203655,0.09325133890962661,-0.1329338406415063,-0.21050326926904897,0.010079234746445637,-0.09090025898001826,-0.07441007605984576,-0.055935285565726994,-0.11324247534763657,-0.01051026933149323,0.20706370683601033,0.18259396214845994,-0.31882431372856185,-0.14412837176919355,0.1706237268066221,0.04687814882148524,0.3778281514287836,-0.008924455805437255,0.18542140932142173,0.03144203879963578,0.09654404782081732,-0.12172272483335443,0.031146784299709785,-0.1947764716180677,0.1542132092742746,0.07882977926734022,0.1883407555754334,-0.017423548076783944,-0.07793216337793205,0.13193069643863672,0.03515916485237808,0.10530897976391015,-0.025965962871325465,0.14817954710533504,0.054455104043247896,0.08205810584470784,-0.23942444925194936,0.23641062842022698,0.3075959427485757,0.13164777558892235,0.04137116985718879,-0.25932160624590883,-0.044098499422753686,0.1441287214980243,0.06845884058044992,-0.032786157886145736,-0.15838085473607724,-0.07905168537036097,-0.22912801058931365,0.10980495889809157,-0.22704058514744954,0.20153560073349644,-0.3047150592843912,-0.059100713743455324,-0.08696493198421065,-0.04466967084970201,0.2049517756604431,-0.30070349418632075,-0.3554679869969836,-0.07476752831372535,0.249676894116445,0.09966358059762115,0.123942431764955,-0.20200256338013417,-0.13811605682312297,0.11080798829113025,-0.18748996078228275,0.06674381314916807,0.27303508959999595,0.12754517288437195,-0.1431217749344047,0.20661129670640888,-0.002328237113900299,-0.2010237233029937,-0.053984384620279435,-0.007840046319864903,0.18542912408756598,-0.14078845930695952,-0.059995285517371696,-0.09080960822460446,-0.1163756232255443,-0.2040925126922422,-0.0029480941746414034,-0.04941216784202515,0.150607568000685,0.17836507847531977,-0.03599742274159215,0.24378233365487925,0.14051323195659246,1.0,-0.06859368597986897,-0.23631963272110135,0.03885813371497136,-0.12780079563220054,0.015648396073892682,0.1492799697128277,-0.13609198224309368,-0.07158840299074173,0.04213899235231654,0.16079002793493352,0.04975997761109758,0.3195677838143206,-0.12850044970045368,0.18592221391004746,-0.005621222103832679,-0.15088805244192088,0.03832443447658282,0.0035775857538383688,0.1188651450398298,0.0309281167061104,0.42630601398760426,-0.13808311708538654,0.22655214925606362,-0.16348496545717886,-0.1796597927504735,0.18753038242760808,-0.07503591352027784,-0.04083137037125961,0.1416601510574875,-0.17421918036876405,0.1514298379901867,-0.05490679724545663,0.2281484063873749,-0.12277384873438199,0.10266790959715831,-0.3341246150334592,-0.08123397230183964,0.17622097702291273,-0.026598885442344698,-0.02380506846942768
0.06963629457417662,0.18743681819268462,0.006553098149634601,0.3211731144929558,0.28108424680490546,0.5092538058788721,0.22531569293935472,0.3139024210901212,0.3742477038226671,0.5675061685799261,0.2813476345263765,0.522066994546308,0.5187838381590284,0.03606824755917483,0.3647700052273184,-0.10770107985962178,0.019217630772718375,0.45401250925452274,-0.07497902323311381,0.23412610757544414,0.21392964397650827,0.38771070023725107,0.22477586003757835,0.45675846482170546,0.5510744546888154,0.050458967303157166,-0.040245498645119115,0.25592584714488886,0.4377112254449572,0.33761836887688307,0.17764723756786432,-0.03403929128037982,0.306404463653212,0.11756177420549656,0.20285615430966109,0.3052637993622752,0.19163948405176895,0.37665461448474047,0.003395292395796913,0.47122310944571977,0.37621240287090846,0.5611019469843156,0.1970400950332491,0.406085694679553,0.28402783941988097,0.31957479366493374,0.4620887874814978,0.2712734219437456,0.17829870613140023,0.4619051394383606,0.18324746217990037,0.2882281091090951,0.24460176820891444,0.22840815816877777,0.6154655034358122,0.21217445818453215,0.3321772954008752,0.17576097207883437,0.3199051401775206,0.4557707102211173,0.22461083204747037,-0.1760723506435777,0.10069318231631623,0.2635876468873301,0.5069702430888146,0.4098572422388803,0.315681144616045,0.16234116794142672,0.25091162924680044,0.2863189819968452,0.2652665864107607,0.19173401982010574,0.3587078586937863,0.15686811356811145,0.5022456931269733,0.5920944620488857,0.12648049795623573,0.030107176145013397,0.4431802310259567,0.4368659325201232,0.14912164291634655,0.2660539859971019,0.2892215646276501,0.32642099375708894,0.07582856345991879,0.23167907229228407,-0.055333491753590765,0.24881670797275876,0.19627393740414958,0.14785564911461044,0.36541639515692714,0.15442518847193965,0.3001449779497455,0.3306871460919582,0.27458441386124527,0.4289973073573962,0.010072097518163346,0.41240029395664773,0.23351563236335485,0.05722468886022717,0.23207979846321175,0.12076930906464461,0.20831849701130978,0.18993403270844186,0.19220818135319057,0.22101072602302674,0.2558365590143022,0.08381575811435088,0.08984819322810064,0.23989871246313713,0.5034064111520026,0.1453714812540666,0.34624549058648457,0.03435664197790113,0.35385282560267345,-0.03215783075850448,0.1285384214803634,0.5227180830059707,0.5051122542584923,0.10095113359807285,0.3763765227069524,-0.09759517420632909,0.3690997880580954,0.06114071417892725,0.4914787786782302,0.2520612896383916,0.2899730145226013,0.2242904878912348,-0.021620049415271004,0.33535301364590714,0.021797123569327618,0.08525133341664705,0.25295688692310336,0.4679776114873456,0.2493837148918322,-0.06120808409716436,0.24304925276298153,0.037076661577721125,0.3777519249750755,-0.010421111684187207,-0.13559648485929549,0.0661044955765977,0.13455871315913953,0.16294174756176755,-0.0536372457655575,0.4663781990240934,0.13914015086103515,0.3118417733433087,0.5850304426207565,0.07335762771066874,0.45003232867654186,0.2868175253189274,0.1744707044992221,0.2743279621840632,0.05327835908102895,0.043559061513921894,0.3283399276286456,0.17237095587841575,0.18870761165956043,-0.06859368597986897,1.0,0.2093639018917917,0.24751629746605566,0.334130759926696,0.1884351483507727,0.056485833975738635,0.6426626659558836,0.5748030922438394,0.16420443833483522,0.0028939663663813554,0.11563532882879894,-0.026423163757636987,0.4126131124319506,0.20182001716513753,0.29725317430192855,0.22627718127905905,0.08454427365516379,0.4607759028356739,0.074233777103588,0.11426125362186204,0.05751923627043294,0.4891512202652393,0.5345231847392783,0.48275521980865843,0.41314189400322415,0.2717799483283573,0.6267670965161183,0.3323549384007241,-0.2577240334976074,0.10225600693785841,0.30041850747810267,0.40275989264112977,0.17153311792899514,0.25198588986124004,-0.06191672112330447,0.32319415926145234,0.3056159419039985,0.12261875148045182,0.03947117804882783,0.5171803423786677
0.10970373342734155,0.06757844433854397,0.21757904316258966,0.2538147553595018,0.1368580554024038,0.1236245422551447,0.04535808060925003,0.13890452743490933,0.386674349316607,0.18458713935299914,0.10607812862590474,0.14159259468674817,0.010063085264915549,0.16263286289167037,0.36204319284961084,0.15579839268386517,0.12588524958815778,0.24276317161895186,0.2441004777322441,0.05505865988256257,0.22812569266947105,0.1450423244935772,0.28525152516536495,-0.13720631856037818,0.07049711966250069,0.20256885140148473,-0.1811515395023361,0.34490253241341823,0.006522754051570033,0.2805594829305981,0.18415176128734045,0.15254630874352193,-0.06941091867744972,0.1634024901671926,-0.07317116962375617,0.28136987166969846,0.36378712259632107,0.202947033898089,0.05829588435516768,0.058474771004866956,0.4753137239064982,0.23845463656738483,-0.04332028790859731,0.09263042137732279,0.13842679684785142,0.01860146685406571,0.22616720118381897,0.3933471728228262,0.16129697931737197,0.1746754569062346,0.09966720011557208,0.054408288846225276,0.4313352422418491,0.2428851743002908,0.006432495944727972,-0.04070345389456811,0.3653167661002942,0.204738097318536,0.06794823573792295,0.2659195544288185,0.0762890293689176,0.11286658900058004,0.16192332487315278,0.14133237555447153,0.18347749246960549,-0.05557625198843721,0.04931888719872271,0.5348167010646093,0.24599478557596183,0.412240195163687,0.14083716893889353,0.21366997971535076,0.31154680025466225,0.1841218451050886,-0.031458076026309054,0.14798878658612208,0.16443657386586916,0.3954746526479361,0.10817581910343647,0.28874144334557716,0.08687419109557609,0.039411052071598646,0.1607595523925716,0.16008257094108563,0.18257753461364307,0.1424385836108571,0.223950572820338,0.25470083529016585,0.16188506874648786,0.19678395645029237,0.2369497588438702,0.42895366954245784,0.17533573717377654,0.20721966635820108,0.05235159583944102,0.12949321485315854,0.1552780855308668,0.20243498398290782,0.14254653095484265,0.3553959651806681,0.046617747700394306,0.2444325052017251,0.5163946243891221,0.1585400571573755,0.4100642259998587,0.1167522438969667,0.23529208690506612,0.18093363702164456,0.3867155615164146,0.021837937350857196,0.2861528770565515,0.33950594385980165,0.09851617894305939,0.1303695834470321,0.19973680865094823,-0.25964252636106,0.19560070824391773,0.4591986875526374,0.10033276499358353,0.07678357920962833,0.1330372717129394,0.3250808951344416,0.4715781761224064,0.17964760833771476,-0.07590927672872688,0.1799381450158393,0.08408859095925524,0.04493661865781635,0.23226498574392065,0.44149905798579697,0.19094785546618132,0.21068893993234747,0.13378627760382653,0.3899566312068977,0.06279557070092681,0.012277765367650793,0.2416512430291672,0.25982760047893666,0.170947650157728,-0.14902273773886549,0.2650493155420337,0.17924678385061285,0.16724966817238712,0.178897709267404,0.34202991001898864,0.03775442463185309,0.07010367198296776,0.39991843257922244,0.051443510056840475,0.15708702448284426,-0.005563684944909193,0.5533083267851004,0.12773565097031128,0.14470925430471765,0.487229723501198,0.02905509407305784,0.21591056517391177,0.1889255733020946,0.43549068904484134,-0.23631963272110135,0.2093639018917917,1.0,0.10141398249706064,0.24979064980361704,0.11074066938775311,0.08411650117924024,0.07979529057199763,-0.02385968852464197,0.1351211324251275,0.30525710311386167,-0.0321930459917319,0.420490425797028,0.06854814342554118,0.11266020267047318,0.18242080399630617,0.22735672230965565,0.38487194482521475,0.10674336473017781,0.4840101393528538,0.019479231562635917,-0.14404839375492162,-0.01646096972587745,0.06640280550124288,0.02819558388430358,0.2556711133956277,0.11200788338983489,0.1894854955466009,-0.08930598835114341,0.39796037334677126,0.7059146385961043,0.07473617533577644,0.4392985408360525,0.12212779918205494,0.6306547538061238,0.18346441503801675,0.2018236575220303,0.054692262560200246,0.18469620450132102,0.6688270296841577,0.11957985876619047
-0.04484618167903994,0.26444425041542075,0.37759048481436747,0.17100818656889355,0.27082058639430046,0.6138644109898574,0.322185884657349,-0.15049669829458254,0.08276260377698011,0.14004367877569657,0.0217605383660291,0.547668310687928,0.020229917541742328,0.08869078060714153,0.02360310870679657,-0.09254608866355327,0.3174381224389453,0.4271747290897857,0.2326746832629164,0.04484857558937162,0.06617090532902348,0.4210223909826878,0.1545462297219952,0.13573629935051498,0.5118597002293516,-0.012267058060866231,-0.2875764291100427,0.32612764512794,0.4185196301570928,0.25152916086220933,0.4473533142520936,-0.1428362819181973,0.2038753031632477,0.009660455889975246,-0.026004048667419156,0.31611459143231846,0.2988319500420759,0.4585147593311859,-0.013283222479788952,0.3928117025923079,0.37920886767685774,0.4952154558402343,-0.17923042718083754,-0.0002842461174987167,0.24986571737159016,0.419470640657031,0.059928395832199985,0.42637226395271816,0.08044572357735225,0.12557532590351397,0.0007963442022994559,0.23630682108301412,0.03253248691516988,0.11378263934729142,0.13607530376549104,0.13963901382877794,0.13361004959696476,0.43088372554952564,0.15659226679048902,0.2594226671481481,0.3431910393255805,0.2870210655286623,0.009276952653024001,0.5698303676572334,0.49382310013116315,0.07669565890607746,0.0652258907714491,0.14475113312915547,0.23077664474647236,0.08772902461666954,0.24026818780607787,-0.05512832390102629,0.09757538666902597,-0.19557106707561886,0.521961369453496,0.4710864690407344,0.2965471732028001,-0.017012061105599913,0.1847836171703106,0.40264017568632793,0.4620707031293324,0.3003269894541504,0.057751051563494644,-0.03331961527503749,0.22214322299333206,0.32771653200291134,0.27155130024537955,0.024984838386824755,0.3335921966337577,-0.13268692032430252,0.1885922074975164,0.049128485472544274,0.4738621180006182,0.0671565669058547,0.20297135222635557,-0.008096459641672204,0.31806044182426824,0.06478472154794332,-0.09000943408745879,0.03954295482032432,0.08416373045854328,-0.16264979218109907,0.19405479850558294,0.113947118647078,0.2953615214952104,0.33458927845788733,-0.01977318674163237,-0.028884586916417886,0.1000672878036851,0.2016055310818616,0.20265929942517844,0.02095128154951724,0.36673612097608765,0.1770638249145367,0.4562535024794804,-0.03530673318156585,0.07461379476176427,0.2997898628623906,0.1719083333546379,0.5125666042673654,-0.07277946475863925,0.016540755023079817,0.2127004247767635,0.21690129321162482,0.06772236314092397,0.036530548476768405,0.49694582941023785,0.18246110620280143,-0.052367547413084164,0.0783907342549957,-0.055719295312609836,0.3425753061987737,0.1893176861807302,0.21959546056237392,-0.019022195053321863,0.4637638032798657,0.11452596154524308,0.018987830702512986,0.4661272083778129,0.20007239878419417,-0.018146508974831416,0.051642541904615785,0.1512044828304306,0.13791217133197164,-0.18867218310361264,0.2672773416008045,0.3450381249606118,0.016331250322431948,0.2452690475939223,0.30219411323692624,-0.060227324111485715,0.3345276029813252,-0.043598281486587565,-0.027879243708284186,0.20374184275931526,0.13138005892872134,-0.07066660813160656,0.06286709697437844,0.07904290431121379,0.03885813371497137,0.2475162974660557,0.10141398249706066,1.0,0.3138161930996955,-0.1795939443570421,0.4131843975192119,0.24802856221690966,0.24930930477881344,-0.016582350719753506,0.17886601345167577,-0.03625539175674028,0.19457609279403462,0.14827602669613577,0.3153800970512301,-0.049011325007276736,0.31713454405498614,0.13084468214598732,0.20240381894041942,0.1774028663056227,0.08075076142409283,0.2818069083491874,-0.15880598831040216,0.41657770505824065,0.08006311990079858,0.17776936036664792,0.2820763018019166,0.32370863997677357,0.20879104720201738,-0.026063599487001012,0.30018447786283065,0.2861299990381908,0.458423079888752,0.29095134103587506,0.18667908311542755,0.3046683942246082,-0.14830514647354937,0.6093598021332872,0.15308249972895185,0.1518410055792805,0.1902722609318508
-0.07157092956242357,0.1693183923318331,0.13454513874290594,0.3416468603342131,0.15445049683455844,0.32678516010048947,0.4964525120477427,0.03388672863978244,0.2678923561168317,0.3490825097291513,0.30844776625165476,0.38050212367744485,0.028454353666470623,0.1577261114290235,0.15038396592236364,0.07478218239982447,0.6629821126094514,0.3218523573077294,0.05660756440178476,0.1305677986118386,0.1619058776028467,0.3024278314833031,0.44366654497149827,0.17338686353421537,0.4043558271097801,0.04925469259133045,-0.03012108880246618,0.1319297907443569,0.29530185871977316,0.2752512252078464,0.2678764013642188,0.16904690557419436,0.09797356993335866,0.28490351751333237,0.05284529213510604,0.19975880709026414,0.36382617060957384,0.39763102877327794,0.3238817545081034,0.32123041538062586,0.32201596405541716,0.49447561793806155,0.16759695285102857,0.16155869708708825,0.19687521098112648,0.2391482795345449,0.18081074265970493,0.3621306153550673,0.273636271244398,0.22749151825679817,-0.15377500356636054,0.3359281001124553,0.5568168819740629,0.08768830685200833,0.17203201592605022,0.17084581881368793,0.24275945877272234,0.15279556623257648,0.3029531265585719,0.20171896171374862,0.2646240873669678,0.1358842009028934,0.15373145551674064,0.22666711952640364,0.14780523908175988,0.174514049880558,0.24156990823929572,0.20143882255007609,0.2779435136054833,0.2996958055505945,0.3176188042823236,-0.010827382270963153,0.24159873951785607,0.12216746190001901,0.4538532277315951,0.30993641079722595,0.14489114907923636,0.2609900836867333,0.1988126043258185,0.37456033538249156,0.13141791892620855,0.2492209705887706,0.1862951860599043,0.15369071501127915,0.06558333624689971,0.2740257518397108,0.12494747588919787,0.1578315997092009,0.1069730103572328,0.08583394179140177,0.2209079075981629,0.15080612437337335,0.48900926702439856,0.25419444535201363,0.2676178426492798,0.14670643280027737,0.0906213926853466,0.16465269816863598,0.2695513519003237,0.30580086100801174,0.12267072174848691,0.06111759213444482,0.11584622813920759,0.11274752225247424,0.1318981546063181,0.261471446792131,0.21061547534675934,0.03692098360685907,0.09715330727825103,0.29471120750768093,0.4500412231919153,0.25740673561629035,0.5301401331966565,0.2949819255305724,0.3869861312504477,-0.09671490544824488,0.23681655853193861,0.6435450907404355,0.21347946676333196,0.3421022369524379,0.2757024968432138,-0.08697805122258324,0.23912619642052912,0.3310811623881435,0.1333362611581485,0.11761136748327938,0.5537432255384902,0.06099762601683901,0.11990839972665905,0.11997017497781738,0.08137902957283849,0.45106770962553727,0.13455249218523158,0.060515900685719104,0.1198373544847531,0.16359011218302302,0.14717722517215778,0.054474005465961234,0.2594267516076742,-0.05257726016226897,0.2076595256550341,0.052531298373550146,0.17157976196144434,0.38528612120631106,-0.06417619712796717,0.319229296694093,0.10998937747953118,0.2257153864767879,0.36293125412987376,0.033871550528924946,0.12585236996311866,0.34935612676522265,-0.06038797858566086,0.27765128645628345,0.10124618719860726,0.04600812487013742,0.08788315200689548,0.13281299605208233,0.1312775986055796,-0.12780079563220056,0.334130759926696,0.24979064980361707,0.3138161930996955,1.0,0.3276648417227176,0.47146554974339505,0.29150687313394796,0.16605070269453717,0.22429588374028941,0.1958005112328583,0.14699868761181464,0.13906192680281476,0.26000952083375145,0.1250733869325583,0.1316465337921281,0.4054137666462929,0.062168887341161494,0.19870049773920076,0.10999327446496507,0.24216523976219928,0.11816533888014853,0.01840401453209035,0.21985473812481177,0.317747122057405,0.22660608017949954,0.2991428551747624,0.43905820989207145,-0.0063205929385927225,0.026365188444769226,0.32255172114790825,0.08339480101629752,0.33191959971136414,0.21336075164599505,0.4464920938532416,0.08284114392438217,0.1822799378269499,0.008764810006167514,0.28586396915567736,0.3103371528079602,0.29556297861035385
-0.08897981864581908,0.1290223743570929,-0.12067845002247275,0.1825040023992834,0.02810088294524986,-0.01221728758964914,0.13393415976364628,0.15826708796447203,0.2345011064772531,0.24016975579691582,0.535937129276217,0.09095965618306638,0.08473847815800757,0.0544590877573965,0.1673972206136805,0.11230781228449867,0.10257771091979605,0.007661212406387257,-0.025777179692935533,0.2613540422268448,0.15278275838680155,-0.014372136025001996,0.33472123311574203,0.24433181891903313,0.1256864250769745,-0.0567747965584784,-0.04108018613075881,-0.04988085177780078,0.13007380421745876,0.0037189870868577063,-0.09080180159386646,0.20010369409589437,0.0477372138639388,0.27770822040742665,0.10906778430824181,-0.07076012591147639,0.0006663430974174553,-0.009327469775570325,0.18303154248939926,0.11253021807851525,0.16940549362108726,0.25580130907213505,0.28930573383102426,-0.12941083559356906,0.042684690188671104,-0.058678576751709455,0.024658529731594634,-0.036442684688333754,0.13769282950373027,0.035832237129540485,0.025244928144359014,0.06435545447749864,0.29380398636705746,0.039832729680765025,0.21076017302263214,0.2315823362154717,0.2633249869802802,-0.0310523713838456,0.1350093835482612,0.08898087174253926,0.11783175721756778,-0.05898410009490961,0.2172147420066814,-0.23690603411944516,0.019803033223345708,0.13256767005551895,0.19429229440230764,-0.06302917970035113,0.18453379257096958,0.34301178173808633,0.1836107048910792,0.2228930402336052,0.3982915676836867,0.5201576706075445,0.13133267480817662,0.15541687953386568,0.18992419542112826,0.325956851048907,0.13752615813021823,0.08981053066382606,-0.09842379665664905,0.12354080084886504,0.19943969779019613,0.26512102702010504,-0.1514207672692604,0.1741543996311974,0.06003346287610833,0.25209240292260415,0.01757173140282101,0.20577198157086535,0.16108761071340957,0.11993668349301954,0.02983897996980569,-0.015778107563873878,0.05632195905193548,0.21473265776487305,0.018245740890526392,0.21642111357044622,0.2952408193468775,0.0186191277622967,0.16090123095718037,0.019696709193152327,0.2393377189220515,0.23760538544290957,0.18879411542802096,0.08365660499204865,0.29492882718619173,-0.02639665354722987,0.09303069759465553,0.06493868740243357,0.1993541379670435,0.15716623236621693,0.2237156565126855,0.056139024222425594,0.05905202392213647,0.057670147423029984,0.47558460740489794,0.3642930150278747,0.13166709816492628,0.11050053355083815,0.25746389351539156,-0.07822054967031117,0.14939933929325172,0.307045786410773,0.22063849583767953,0.2657643455814933,0.04059583715578574,-0.10152178140399984,0.22964277523855325,0.006189488539958138,-0.042120507854333814,0.02005849595080504,0.10551368672857717,-0.11616954655830988,0.02624238775811968,-0.2320098607628647,0.035463217354772265,-0.06573087435238248,0.06540271842727487,0.019129603192507224,0.32209810462528704,-0.021908956704840117,-0.07029257020807558,0.3348971497524556,0.10740212226337863,0.20507259115550247,-0.04453933616794568,0.01051716404039459,0.18246707875555726,0.06990103384712877,0.24241946358023883,0.04172612619116266,0.01069286846595864,0.3904875023990063,-0.10523571827067855,-0.09596724325648079,0.12111351389114931,0.021992729633395686,0.012923668591218096,0.015648396073892686,0.18843514835077269,0.11074066938775311,-0.1795939443570421,0.3276648417227176,1.0,-0.05535044466316431,0.2073574932664907,0.010745542943354456,0.25593999426083186,-0.04353925305579555,0.12335853234461944,0.021657463939013022,0.31373949508821836,0.02352852044225694,0.04362088808247915,-0.07212311409838074,-0.008056681984443844,0.10267152373930949,0.0988496285495614,0.041357408767307736,0.058470583820960854,0.21432088841523617,0.16072121549172777,0.39308889604609476,0.20767165766687704,0.11836177835927793,0.2554475609722964,-0.1441503158856689,0.0814103453467416,0.08948025158660666,-0.008312553591123343,0.08132636329758801,0.09974131856898755,0.06236513537922382,-0.19289361839476918,0.38019685348739113,-0.1569120727715107,0.0855746322710215,0.1233049318643124,0.24008473263259533
-0.18248801772673215,0.5641495486484819,0.502772472623138,-0.014266236133180637,0.2547191974346183,0.4213481693180051,0.8057048043419206,-0.2628393480763113,-0.0856837164758959,0.012787196950625352,0.23861514416720359,0.2096939042426741,-0.3974175816770345,0.5964337016616615,0.06450053110369966,0.017293044378555656,0.47512949158869544,0.1202348024121001,0.37490083965844573,-0.40912440120028404,0.11422352397801427,0.4113905618615005,0.5399089147881324,-0.2810027416165843,-0.0668655697730909,-0.023378078655200956,-0.1590561997640185,0.07501904178054035,0.29697017128896447,0.39191964037711924,0.028458568079357503,0.4220181011801798,-0.3433925456699459,0.19508260954664083,-0.2620947457524326,0.02428300527585034,0.3882736374257533,0.08074727382262331,0.695080374893622,-0.012628823503158745,0.3108810844545802,0.3379136409332195,0.20680029000191816,0.1136032115059359,0.051929617793145935,0.6338026533300948,0.0026284245763562907,0.3549042752321232,0.6745953931310834,0.06650463487316809,0.2935485752500795,0.5016744566268272,0.18704467263770763,0.018401493238997136,-0.21472728876623126,0.12162001805172273,-0.018958347659086522,0.480789856331708,-0.29383160529518815,0.04045850436426369,0.4323633855007245,0.37565743833515164,-0.2543668871250312,0.13047012223706508,-0.05898628970613351,-0.22029767707434636,-0.24775142904092412,-0.028787389642547567,0.23587657431693704,0.12334388037715742,-0.24515200859210143,0.22781521774848512,-0.0029336223971931988,-0.04891143333285066,0.44014920656053663,0.224720324708496,0.3114841025092544,0.25252193059943456,-0.04208986441284469,0.16456550240901688,0.4336687789711246,0.6819058523547644,-0.29528682316419186,-0.0680684607001125,-0.023567942447013535,0.14229694991026348,0.24858890158931482,0.02391869485750703,0.06290958077615272,0.1285835445159728,0.08942958273708251,0.042108056248464476,0.4227820580491296,-0.03172405696784743,0.5538132092686181,0.007519636808028814,0.5188512497363769,0.03947185343753796,0.4814562434362909,0.20701326665887404,0.22402889807057502,-0.05879834901566317,0.18399383644582626,0.25706165136596754,0.19911322563493242,0.6027036147286089,0.11835576792240766,-0.10942582090859075,0.440907415744255,-0.03632271228928226,0.24488560494490533,-0.11894736828300259,0.5892741399626116,0.6496170904342607,0.19740772775636212,-0.4348649010446336,0.2710083025373447,0.09993005810287384,-0.26345728188527406,0.4489336038793823,-0.09487428944624646,0.2170321433380434,0.12040411870137285,0.20549638882114074,-0.44548753445868067,-0.012713407751115676,0.8179896033217916,-0.32881656745842364,-0.17362381404536076,0.17062463658291985,0.04103864008294177,0.32979373809900503,0.2717875031436925,-0.05097409332830128,0.01279121631712536,0.24356558206975693,-0.25918793621976244,-0.1256454517201043,0.5467693574015788,0.15578244173472808,0.2316860433038482,0.053654306927852384,-0.0952939671329608,-0.11069509475292509,0.008520601653672714,0.0054579069934571215,0.41440744063608353,-0.0234478481164924,0.1750014988171141,0.1551751233980389,-0.12916208868233783,0.025390255750397602,0.16815982432617416,-0.16837252648004647,0.2900117278819355,0.010782652698297913,-0.05642343348708779,0.07349256020576926,0.0115056744658529,0.1492799697128277,0.056485833975738635,0.08411650117924026,0.4131843975192119,0.47146554974339505,-0.05535044466316431,0.9999999999999999,-0.1168420241497243,-0.20892219514203447,0.43799469700250004,0.09993461676595644,-0.0650203907649963,0.15357999552811594,-0.09131881003555722,0.607759143294777,-0.04531166558095352,0.16602003720768216,-0.07453226408567432,0.04311599984851514,0.2340871710574224,-0.2375122707604569,0.2981572158745453,-0.34645535219685036,0.3039066463670916,-0.23390199962710606,-0.004828048530083017,0.5809958264383936,0.1218236142259355,-0.22538168096664207,0.10254323902028155,0.27607753751996067,0.37947313105864544,0.14518686865140987,0.3856989617956712,0.3522046003479752,0.2042225294491837,-0.38246883845023644,-0.07123005634685062,0.2562541205319949,0.3987233150231211,0.03650787836804995
-0.1806719560391427,0.282066930362036,0.00840734360801959,0.42462722859372143,0.44176328528659403,0.5275112302568752,0.12431424259631406,0.20954121517974625,0.35137424663417877,0.5139354136821729,0.34518083925503745,0.6052619404134094,0.5866632856434753,0.002589220012007672,0.14787346150027636,-0.2981583683483571,-0.09783315475701408,0.33361835422835373,-0.03722889266897899,0.35037600695468785,-0.060483900838578554,0.32400035975883357,0.15201467792139906,0.4158560819933904,0.6313079410867732,-0.23558887430838785,0.02026403844145877,0.15293212513866586,0.49266268883787767,0.12902100881034445,0.00011998071239180359,-0.16253324211820894,0.28201195252052824,0.08600252606095313,0.17207927129842976,0.35313144002398245,0.12699758338498016,0.5297477418471973,-0.17245612569796703,0.6642683843508402,0.16821830429301157,0.6010529866341346,0.1280764837689325,0.0033121651985528085,0.13856939119262418,0.23948427537609762,0.17381438290690748,0.11613185867683347,-0.021137156517952078,0.23238739769044858,0.008702216738418901,0.0361880701552617,0.3281015074113539,0.0056239818130032326,0.6073384945855338,0.41123686580702495,0.3794352613965799,0.19835599559376701,0.3568731187483909,0.31878391715173543,0.3601548268280135,-0.34149830235402345,0.11670146364116567,0.06703818539592951,0.3747018322047355,0.4235560913345624,0.30218861300539235,0.19625551232593763,0.372485437764521,0.25634939055027517,0.41943094270859727,0.17669161873700087,0.381582861649459,0.08083741881902032,0.5202722892593187,0.5346360160324835,0.2271330542109509,0.09840485812438865,0.3275192224555776,0.304572246664911,0.1267891485625488,0.19082803969561976,0.3588958325345981,0.18016538482641414,-0.11057029777781388,0.3360867588502403,-0.22455739612235417,0.22461651420596365,0.12283370756441439,-0.011285071727352693,0.5021858697990231,0.11915187525792882,0.14909183974427637,0.07936984839414964,0.20661697509326674,0.12416853586415552,-0.079334581395783,0.24110590206207866,0.04579738357056119,-0.29103453393377204,0.25503355604084377,-0.02741991310651273,0.08751130689924722,0.3449503188829396,0.18446432783632585,0.18753654630059652,0.28012181921547163,-0.10716553776491865,0.05647724526834497,0.15476997404475623,0.3209763884073311,0.2678007635011691,0.15693745380397106,-0.23834979721857313,0.25423144986468976,0.03819238977629975,0.23864265799468182,0.4985417175187607,0.5700587389084218,0.12989926101415802,0.3283523997292542,-0.3282620877445912,0.3160688614552897,0.05364347355991022,0.6237878959395071,0.30470698506509525,0.03508417083591754,0.31235823510119004,0.023054163488325875,0.17775911343924364,-0.10571895355592287,-0.08035404998293331,0.4246914047801868,0.2714543077427622,-0.06829842883767925,-0.09451028696865663,0.26494216384513164,-0.14401187431304166,0.33669612773428476,0.1585533448687889,0.04165275877529945,-0.20867992064206684,0.03553305433657524,0.4268080980680692,-0.11521999352101503,0.45570214638927087,0.1268525671415684,0.3012846984287732,0.6777699265972394,0.30997699415860475,0.46493891664033604,0.36473191910564173,-0.014131349214624882,0.19066775631366065,-0.02954412713451616,-0.13066624566309246,0.17471359921596,-0.02254785896074244,-0.04969505156158275,-0.13609198224309368,0.6426626659558836,0.07979529057199763,0.24802856221690966,0.29150687313394796,0.20735749326649067,-0.1168420241497243,1.0,0.7088692163636888,-0.05676645818748413,-0.13717113865501832,0.017737257911442202,-0.2243026527797622,0.6221391382785668,0.15411440288757913,0.11742336051479585,0.2915460566172595,-0.1743754832036687,0.2157297373099061,0.03193007414926339,0.10667381964692312,0.02285910093344505,0.2659707292665321,0.6070741692441157,0.5365040014984553,0.24215852123541548,0.2601661646702267,0.721689270133596,0.28206742452005856,-0.3849148164974875,0.12405851004642113,0.40677542114202325,0.2585037706996628,0.2361042861777529,-0.020211741680977825,-0.17968711227537557,0.3933582435089088,0.34484173882752256,0.024434542354704405,-0.07215399519033679,0.42568603442240777
0.054943400027367646,0.08621930666684795,0.09899107155927439,0.37065117958529686,0.37402418281144245,0.36845672769587956,-0.061736104839112425,0.43696273270861574,0.4563224904338673,0.4845369432533923,0.0988245417442137,0.6001364532346842,0.7306071269711639,-0.04754066757843943,0.17214837380275225,-0.286072904762747,-0.00356159635018076,0.4828648970603546,0.059407424463560655,0.4335362461053584,-0.159158469084722,0.3646332618774519,-0.2440410921383103,0.5568370133873077,0.7007245566512382,0.03875109446581768,0.15211176029775061,0.21092182744238866,0.4482556818260867,0.03857204750969212,0.16736579423997577,-0.18963608161081302,0.4567894630749266,-0.037991038295195775,0.30447057432067254,0.5424868775503906,0.07832358864804966,0.4444904276612719,-0.17219183835356522,0.7040929735683162,0.22216275240877092,0.39016055639149333,0.14070275490784315,0.1837535444313039,0.3200715644699249,0.14536543080641565,0.23746581048837723,0.24699326691747409,-0.12744950533822516,0.24270706216711888,-0.03057754623608782,0.015375532923821197,0.2751896148262479,0.18958758029233294,0.7032446198272788,0.2308022103112377,0.2990818883514349,0.2079950064404941,0.5736959387456116,0.2303124823598776,0.05915204434255041,-0.24401715589408454,0.09692215386648093,0.18592723846010195,0.25009969804867005,0.5185305712801535,0.306452698743184,0.2432537264665465,0.37620505486641903,0.14365551604421725,0.5925148724608499,0.042603422465501355,0.20864038289716116,-0.13770078339407277,0.4363679687306112,0.5256438940206999,0.1326070692944357,-0.05459935775705097,0.42399668855241773,0.3926602423271969,0.23940053094119434,-0.037245560110961834,0.546914839899872,0.09388094201251333,0.20309394213834556,0.18995704463893223,-0.15757885750511066,0.06955218945280649,0.30665238787858945,-0.03745412782100596,0.4548856108105317,0.08093401283466532,0.08819689638552468,0.33472042995872137,-0.194518313243997,0.34504266434494607,-0.132315646549691,0.29921143198991373,-0.19111495908186013,-0.019938100791639733,0.20474019689049602,0.23200434467623682,0.044327319870435616,0.04632066799252786,0.25071713762048237,0.11797197893803862,0.22831921826711257,0.11055436246432097,0.03621539155438266,0.4022447178526106,0.12905452723733685,0.30509347979286283,0.05115523328310867,-0.32452629455756904,0.2685220906250774,0.07959275867014005,0.01595702789898272,0.41104244740118695,0.6910197917674328,0.12855854690108795,0.24987820637422314,-0.16751535184486854,0.2757369693092971,0.03870649166286283,0.5726621607048312,0.07068583410938013,-0.12638599907503417,0.5953929823483183,-0.059774967138406236,0.16158524894321016,0.1267812618847428,0.05914273132756938,0.1400541373935674,0.22497563256456166,-0.05766710936758009,-0.20012062015711865,0.42988379657949344,0.11129294835955507,0.21741662791006455,0.3157987556468985,-0.16284669981476202,0.12305022880911937,0.3285037280508326,0.49184454059560306,-0.24564609733634737,0.4913171301480039,0.21259740386955106,0.1981694779545507,0.565001476188736,0.21420752065879198,0.3051899837590333,0.27369917156475027,0.013735522447149005,0.17512970889983764,-0.05830059439113843,-0.13382106311931916,0.21416967378978685,0.19427671436017022,0.13151999606464654,-0.07158840299074173,0.5748030922438394,-0.02385968852464197,0.2493093047788134,0.16605070269453717,0.010745542943354456,-0.2089221951420345,0.7088692163636888,1.0,-0.3360218468028316,0.08424577605702294,0.016772704460086583,0.0035099938597376746,0.3029439579775961,0.04119974573309895,0.3037143962738074,0.3162559207243462,0.07009746328713577,0.2810368892468066,0.05631187807927005,0.2376552611523979,0.0854452781367682,0.13144801873182632,0.3271644729980566,0.5381625028070883,0.33245693444266566,0.1526394782118824,0.6401273621782294,0.380282631153442,-0.28836601310735216,0.10169431306340285,0.10894434929566395,0.30037958747558613,0.3238657915651197,-0.04773968817977569,0.042158330963735564,0.3901546145004593,0.48937347869765535,0.21519846550570398,-0.19222498978335187,0.48765749488585064
-0.14070928539869612,0.3857413912550576,0.007778219870690712,0.03173650538907543,-0.08022027468435133,0.1775822360328955,0.47231232729551587,-0.1729325834905009,-0.10356622440653845,0.0830856590277008,0.42784931147967775,-0.09112882800310822,-0.3534255630897274,0.34591017365366555,0.1684960978690927,0.06343902900412982,0.21952150136650764,-0.0784740943258898,0.014573103576112039,-0.271738927410023,0.2758087812010117,-0.01417037829856133,0.7257611043317354,-0.1385723268653304,-0.22475039956397927,-0.01937286590272993,-0.05418681910201788,-0.013605817506580901,-0.007531035367189191,0.18529466765330233,-0.06842461155541056,0.3239802639271073,-0.21101741953274733,0.32373712000682486,-0.15552198786979085,-0.169225988308125,0.1291731648479318,-0.06990195270677559,0.49110722881216456,-0.24521231358041076,0.11014293066150053,0.23747328949846097,0.26805299976439734,0.10396098356338443,-0.08486238361413874,0.19857642214607668,0.18708910596885733,0.08966325891295525,0.4796448574545618,0.09678026705958057,0.13668231437750242,0.33224126768279766,0.19205507328594784,-0.029643217534834627,-0.15084876222086502,0.21683553106782316,0.1728337877493766,0.026501898919438837,-0.28611524924346377,0.09038678366125599,0.3075857517765667,0.10847466065946088,-0.014116375977810416,-0.058172033893347075,0.00886564423521403,-0.057765117675192164,-0.1682796791879148,-0.062045055093723635,0.07269086151290113,0.31061554545310566,-0.21025105622812962,0.32478821044443223,0.2898811932590157,0.5478119887036871,0.09573300460302979,0.10487150972848032,0.3361972213104557,0.254466028369344,-0.12138273069982763,0.06193766800394396,0.005022701783746567,0.5093156152426536,-0.11493410846282838,0.18109126648709323,-0.24742452575501717,-0.06674391084588668,0.23067511657370784,0.12503451671674534,-0.03267924243404155,0.29915767491663076,0.09282062659291572,0.18841233846815467,0.21858649396693752,0.11996437604137436,0.5011058325246801,-0.0711681210200504,0.21806887213407675,0.09322387067500358,0.5975196711834053,-0.03688958972777377,0.10591387500992562,-0.07999634666058457,0.05886021389163505,0.2725244496319427,0.046402492071615016,0.2958663492559031,0.31978305304375304,-0.04418790871465675,0.19014857230400317,0.018652160502563,0.30983084263153604,-0.11316807766484624,0.5196247924211325,0.432632093559522,0.11042096032428522,-0.1755507801273648,0.4082507972097809,0.17799678011257883,-0.18199143111480592,0.1364187514339784,0.08495849607273663,0.19762586928257428,0.0058105111085513545,0.39815543896940075,-0.16986908221948066,0.2449571207547202,0.29750319787349144,-0.376713871999372,0.09519555628015972,0.282938079099604,-0.10816285001900222,0.07386795967507719,0.18997011327781435,0.07218509257551979,0.12884027992996502,0.05726374167228131,-0.15317838491189878,-0.09724916077121652,0.2552176441711875,-0.09307028362434618,0.40746372360486666,-0.12400056071830695,-0.2990739322865822,-0.04678435909028631,0.1622568296102542,-0.04408169049639059,0.06017176709656794,-0.07981714146565874,0.10231045548841858,0.007613406300554494,0.22986649164673048,-0.0333336349094533,0.2346023633805789,0.12749854189583745,0.08694595256808935,0.06638124357798561,0.13039054781627238,-0.07700595249630549,0.027724238573454466,0.04213899235231654,0.1642044383348352,0.13512113242512747,-0.016582350719753506,0.22429588374028941,0.25593999426083186,0.43799469700250004,-0.056766458187484124,-0.33602184680283165,0.9999999999999999,-0.07851808572233213,0.08995036266801472,0.023613401907758916,0.08117229226320516,0.225308127421173,0.024046745073040422,-0.03673105186194636,-0.095611892946604,0.0689485201032061,0.025246725881911333,-0.1342467017998603,0.10320113736016204,0.05518554103995216,0.27100946810292265,-0.10753766892125241,0.059620552853134605,0.4508147311839537,0.017695685558727206,-0.23077986988832863,0.06395777984192698,0.22945395545151895,0.17706630526119127,0.20434664746857822,0.1423008347304344,0.31467429196754937,-0.039667744894435704,-0.04647452825115823,-0.23626409801151085,0.17355493265296132,0.2785864200072353,0.03656917165577234
0.5953434815843343,-0.23326667670860063,0.18392783942650034,0.0857418294631446,-0.10420909156494178,-0.12701887909686696,-0.15826429619959279,0.15510701712845812,0.3738930032656849,-0.11740745359849945,-0.2360313624511004,0.15976663274507594,0.005886288848519274,-0.16751610926572771,0.14989514864417086,0.14131497295731643,0.5125310969004562,0.1884034166227585,0.07550003111408922,0.1012941742861321,0.11163830215597514,0.06627326877948726,0.02093179456594411,-0.048179806600975324,0.08307194763301429,0.7570064727344172,-0.3199980529974571,0.0002362806976070788,-0.024044727124741535,-0.07323875964194117,0.6638268066267227,0.034063051190245386,0.1286162375960087,0.08583206999332899,0.028239859434916772,-0.030734245313805163,0.1976572502940979,-0.12872720581225555,-0.012546078272383517,0.035791148588833366,0.37222396168486055,0.06950886902190517,-0.03714105665944338,0.33119161446740575,0.13129572604210143,-0.0407937652842518,0.14046691369473654,0.46051109739862434,-0.08681125313473002,0.27835158602294074,-0.0016348104955484007,0.020587917663979462,0.052450927282577824,0.5786694499428671,-0.00860788234511541,-0.2825288661246079,0.09124925659583741,0.08942678641492065,0.23060852262431084,-0.04448692974262227,-0.2668169288345103,0.034867338657255886,-0.06566479930443318,0.38166651394798,0.031267516427375304,-0.1713785909282147,0.031203443106510194,0.17956574851398213,0.05322294191007671,0.33831102827093523,0.12273913647850283,-0.26931602595352533,0.09580905519683176,-0.19643892311262773,-0.15787187376070874,-0.03393396798282218,-0.04502156222290634,0.005752979659304602,0.07968570960426438,0.09479774047157388,0.2792964787452345,-0.1772346017413385,0.03465804233037332,-0.09466951499282945,0.6949139904114411,-0.046972398766612085,0.1687005173292457,0.13201992837233423,0.4534295924152615,0.058149124867539335,-0.03097712437695315,0.07636052261335766,0.16126491715409133,0.10464270020391127,-0.31653945607816264,0.16700617307747967,0.1545889904387943,0.1837195585281691,-0.257977937959301,0.49815986111619454,-0.22619078395948783,0.7471058416228561,0.11212717824254904,-0.20482797290486637,0.3626966137544311,-0.17217922044097347,-0.22484772369051176,0.4660887398983547,0.15558652019889363,0.17842281666540652,0.043279700275636275,-0.10284916291204749,0.0024116560011069243,0.27227687628882113,0.4294372986948518,-0.12219820645559132,-0.20543884738332435,0.1660899434973365,0.009599720706805285,0.0646506213869437,-0.11810620630708454,0.1586570441232881,0.008241688953602534,0.1074451520318026,-0.24767056169321405,-0.026415963932487137,0.014400348362982833,0.07149450442018887,-0.05308216285916071,-0.014256009452996312,0.7800678515629575,0.7741952047072088,-0.10635626060700483,-0.01781146512714359,0.040308187698826985,0.2417502654945538,0.10714660048458172,0.7453031057517973,0.029999313481619362,-0.1726051787465382,-0.11272368243072049,0.727235605110415,0.38424412154171167,0.1714556553944705,-0.1700849283302755,-0.09119291025250897,0.12968728490336112,-0.03412332909227488,-0.017630594147566937,-0.22344440710499963,-0.14554780156938654,0.18915289763795554,-0.1004914722366607,0.13619479249213065,0.21563687718701788,0.3195616103304569,0.18619435076085278,0.7081861859650289,0.7335380201361481,0.1607900279349335,0.0028939663663813554,0.3052571031138616,0.17886601345167574,0.19580051123285833,-0.04353925305579555,0.09993461676595645,-0.13717113865501832,0.08424577605702294,-0.07851808572233213,1.0,0.08839318637042386,0.7788234265893303,-0.2967525659717203,-0.11357749133026841,0.5612145634076314,0.23400021017592454,0.7327191027940765,0.13896118808909153,0.4343428762445836,0.2011433404745575,0.028598335557915987,-0.22358789546317961,-0.17138026325858172,0.04866259202932114,-0.05910316529122163,0.008180611049550411,0.056510998441029456,0.12419483954297567,0.5006799348877947,0.25304175067344076,-0.3639556446657764,0.4731781623089921,0.005022662083918473,0.36184617286375825,0.4538686949945413,-0.05721505750299862,0.18899173419402082,0.22415932948549583,0.2601713278808711,-0.011882338107094747
0.25364301337092493,-0.17405119365893218,-0.22485485999837324,0.06771558496727083,-0.042877003771736755,-0.07234285587009766,-0.04609460203385649,0.38758743131565143,0.2009706470677168,0.11245671940168853,0.0758966458807115,-0.16214873922772047,0.36615204025688397,-0.19539886570297704,-0.18318803081801557,0.506131448412588,0.28401268417269204,-0.09502542768821688,-0.17386142558835022,0.13859838701764318,0.11823615616407467,-0.07026991512252789,0.3111285262775051,0.3267668793743243,0.1688808850846985,0.20636333319609756,0.017929905489515875,-0.07409953092961279,-0.1580409154596392,-0.1539198806077058,0.35847259452741054,-0.06585847896475858,0.212192022526767,0.4404922229300459,0.33212822274635667,0.034351130378512694,-0.014185306572759867,-0.018013044982737543,-0.09639279143997873,0.01527343632920087,0.13883323527430347,0.03442852404508213,-0.10608024027184415,0.17576976619660611,0.2236282793641533,-0.19196334015063662,0.01374139401646702,0.062277086956236904,0.013623484228718424,0.573066001260686,-0.059389622715752696,-0.16119747811222734,0.10430687843741356,0.08893894731356293,0.3019864551846922,-0.04803604844767517,0.28403103581529104,-0.18406554498909272,0.3064981849562331,0.25425611666338055,0.0586129456685526,0.20454024761959336,0.2929260344013111,0.31581760797094083,0.2193258529668434,0.37868673145099957,0.2883415643960721,-0.20349309545230068,-0.2810279458487622,0.14667509474559925,0.17982019675615565,-0.11729525121811178,0.2505293587470652,0.16449105436456546,0.00429516115631982,0.03000384553541968,-0.07605417395061422,-0.17217956413277918,0.1872785092536662,0.1439574885520283,-0.2661838081828505,-0.1506181011049612,0.24771881825522118,0.03017234892745188,0.10331754083297931,-0.3014238949201329,0.01843136478040958,0.3416050030076688,0.12287379945162262,0.13615597085573483,-0.1462038036314237,0.015165779302166128,0.38351678745876255,0.06941782842201599,0.24430359299248763,0.33386724645608556,-0.0510237431043553,0.4296997038138841,0.09808202094737471,0.19867789783227985,-0.04705594034502193,0.08015377968238087,-0.1318968535569347,0.019775412131256456,-0.15873777068667835,0.09791454381550456,-0.12889545299874558,0.12890217019515238,-0.10232978816745521,0.1775781175250096,0.19543968164635403,-0.029136514676485023,0.02867280070439315,0.1731589749167857,0.11383065560562583,0.6905194468404644,-0.15364124416591127,0.1605087252837076,0.23591131467117582,-0.059872760996079584,0.30988659344240094,-0.14263229850927034,-0.14263550204385742,0.2532358794203091,0.2957257876717188,0.05678085975193537,0.0192761669982066,0.06654906134213057,-0.0389582832560394,-0.20119910327824375,-0.014915485461665325,0.14415332212419588,-0.11365028056114618,-0.04098043653065967,-0.06386179072217076,0.38703889855955376,0.13534758380155124,0.15650300101502876,-0.21732992007371082,-0.01972029918667962,-0.05062041998327939,0.0834547005174128,0.35408354512185797,0.14413079295351466,-0.08855098791708017,0.32012094154272797,-0.22118901366418026,-0.047086867438286516,0.23739721229037272,-0.18609451724317683,0.3560660748060305,-0.01008637305776209,0.026720138267970588,0.452665265154133,-0.0717315628386668,0.611619123292002,0.5164982260237518,0.10610994913889034,0.12749353164354835,0.04975997761109757,0.11563532882879894,-0.0321930459917319,-0.03625539175674027,0.14699868761181464,0.12335853234461944,-0.0650203907649963,0.017737257911442206,0.016772704460086583,0.08995036266801472,0.08839318637042386,0.9999999999999999,0.15907129706677683,0.06711260705612883,-0.21816137166356012,0.21006324987039962,-0.103725783036964,0.12632430350067664,-0.01886198056061974,-0.03420439988450441,0.6935976082232166,0.0022919092282869167,0.353856024524431,0.005060375458274596,0.2246975460073365,0.27711328365686266,-0.0544248135483818,0.08010658360470674,0.5687420527922615,0.18196499064888372,0.08661227719298976,0.13300171719014003,0.1309354626089317,-0.02316254501227809,0.06412642137942179,-0.0269256851615178,0.15399642578879133,0.048633220145853084,0.014525617334395492,0.07992368313814184,0.05453830735678231
0.4396518646844057,-0.19509767838408604,0.39986333073148356,0.12055185840726242,-0.012858051756532828,0.045659545248175566,-0.1545856737267396,0.2068330192298623,0.3655301804862759,-0.09171415856406392,-0.10891352012887452,0.1067100995257826,-0.025637516499798053,-0.017647266901767034,0.24557726668638538,0.17693499623569425,0.45419157957684453,0.2882094207111002,0.372352666619661,0.07108709459709035,0.19814605825773915,0.22860567095479792,0.0784006980171887,0.05266742420411256,0.0572191881702475,0.6392524360559553,-0.22535671892800152,0.14731221265342737,0.11218178811562365,0.030599835452338964,0.5338489622952133,0.10099326831165642,0.1035097759158265,0.08880759552653406,0.23284007257209408,0.04820850969899907,0.3738125579091948,-0.05741434705007564,-0.023103741761804613,0.045058096191178953,0.53453955386216,0.12825599317889486,-0.0799812528519847,0.24589053526028395,0.33751486102523776,0.10830719718470176,0.135584512230173,0.5645658677746559,0.019723222971934195,0.2281753516715764,0.15248143793604724,0.18009985211692575,0.12000194494862541,0.6385891720756587,0.02627965983395591,-0.35014772746449,0.2008619590687393,0.3062263872812452,0.1681649806901084,0.01555095449558797,-0.20072546378415462,0.3648533252074361,-0.04469003220001811,0.36869762081468743,0.09459513581564201,-0.08014453628400289,0.15236345664158832,0.3281943724439722,0.07602498512761464,0.5056457418229915,0.1690213765356145,-0.07603488336278993,0.07141949647319315,-0.1464798247926229,-0.1532353047066943,0.1645754837914407,0.009634928464659624,0.08838536126698758,0.12461026581266535,0.1683593190564603,0.39777773172773023,-0.0921331924618255,0.10874915568450327,-0.10578879695257007,0.6601749664078557,0.0019437324595653572,0.4995592287078412,0.18337780606137946,0.6071623687203764,0.14106122627814852,-0.011392726125636403,0.2124561000396128,0.19426681294322462,0.14162127637787747,-0.18997246204469112,0.28577619632782497,0.20131253873760216,0.21040364054708874,-0.2711202000548724,0.5750319408851183,-0.21056854846008088,0.5067172549052092,0.20809377199333198,-0.0905861723257589,0.522473679646808,-0.05556677863486113,-0.15493496062325163,0.4699776244270247,0.3473564204378648,0.2872177059669005,0.1447498482662311,-0.029330178704576073,0.004053029110512648,0.2770601726944122,0.31744721189076813,-0.022734367436526397,-0.10388954442500667,0.19883694823297549,0.06831994621844731,0.06907528103257432,0.009109404083369573,0.38908072177906283,0.1555706141315676,0.21823132484917174,-0.2409573774991635,-0.10147124287069632,0.07972319846297798,0.11450088538988523,0.12604089631617382,0.21539573592160707,0.5733997062653017,0.6106703225310762,-0.13969473669838803,0.1296935040181157,-0.029329760846844483,0.21461201391985493,0.29125913594912156,0.7417848659734848,0.17999223240758658,-0.041452463014699785,-0.05056284274301956,0.6381657886663049,0.37046655226044134,0.15402066849325857,-0.11392793784243624,0.12893957025010394,0.3128200893584299,0.017044919994347898,-0.10804761996952694,-0.14298045673505275,-0.22795407967617196,0.2966175489256279,0.04689259015119806,0.13331185441594834,0.3886696759654649,0.3089808050921559,0.2590421300677222,0.5800508940223863,0.6262142160922085,0.3195677838143206,-0.026423163757636984,0.42049042579702806,0.1945760927940346,0.13906192680281476,0.021657463939013022,0.1535799955281159,-0.22430265277976222,0.003509993859737675,0.02361340190775892,0.7788234265893303,0.15907129706677683,1.0,-0.34885857409350357,0.03862151789069137,0.35528525566515806,0.2387885947948937,0.7268046122479881,0.21020373846196472,0.596165608909228,0.2351098325446571,0.11069565259098502,-0.18118806468738033,-0.08926192505239512,0.03486212421959962,0.18791745641191568,0.10149320289677365,0.01241825550815727,0.04528425739454543,0.6618369423891579,0.389788756003252,-0.2209749264568962,0.46942164047364704,0.0888043405107813,0.4679661986136664,0.4991251612381241,-0.07178762525433464,0.2175460060202144,0.3969965190307386,0.46441931444174406,0.10145068267244388
-0.21955484441956172,0.44677348966423447,-0.107451773854924,0.1388204499215263,0.48248215376082576,0.3626018236735345,0.25817915750990417,0.08293322033675224,0.14886819368357776,0.49353642290501576,0.6007129510804143,0.3546966924129327,0.3616014865769668,0.01143266685861252,0.18521419886141888,-0.17729748520382635,-0.05461562282774141,0.14201412147866962,-0.057443509393501395,0.1736639280744458,0.02635568889693273,0.2728448097110824,0.15437555463740782,0.1278616977192637,0.4083471706582252,-0.214502209758368,0.07089593009575151,0.17852187816439363,0.3344943905646276,0.12260492407993998,-0.022605118895371246,-0.004872065985649558,0.02383417600608674,0.30610736583215326,-0.019224172845621466,0.18485087557980223,0.10692277395497495,0.4569333930430725,0.030351423774422622,0.429963723887275,0.032532975789215365,0.33808264146185085,0.3216706205979549,-0.0791244734965577,0.0758525920634762,0.20045146678786308,0.08232144745685775,0.03821587295373935,0.24595202466253904,0.30697740806683443,0.16940428955970666,0.03096411494839199,0.2959987615220311,-0.09686129003387746,0.35370951691906677,0.5035643903156154,0.3883769585976966,0.14949099136063174,0.11876234317477731,0.42176401472613406,0.5285926640396756,-0.23258984377694933,0.16257909327491107,-0.1128841635676275,0.1593133041831307,0.21333478892196472,0.15319308484595248,0.05574100538091091,0.24496495616075534,0.07065522598368694,0.23144205124480738,0.42051440240386406,0.5910507251372739,0.41717062915066877,0.4751477558501044,0.29191553512811097,0.36898703139814126,0.2942545822895718,0.14560195951676216,0.35142423860363814,0.001007571193408044,0.3394410478361625,0.21496990167091104,0.42654520487198916,-0.2962283258969235,0.20750224283279184,0.017780048526764857,0.25753263125411074,-0.039760472809800516,0.16693654682530934,0.5429323204492202,0.018896766650490233,0.0035582382417429143,0.06250274285512798,0.3442637672302497,0.014198276860089367,0.05748596563009317,0.22493411026227542,0.20874454083246927,-0.29485474058018857,0.5829222742743456,-0.09355476445696459,0.234777902433224,0.6193760824940555,0.020830149402140636,0.27129699829469345,0.32859877035958557,-0.10289272514330895,0.15308364336386102,0.002293141699358027,0.30462131274464854,0.18221660299241332,0.2546380633037184,-0.03173469682687375,0.25638455490280065,-0.010678782238879948,0.48230817091570943,0.3686897757314047,0.25439860018141447,0.20399673004542226,0.15272450210931887,-0.3335284538760515,0.2804951394678108,0.08157807049218915,0.5060308844564437,0.5041116802314484,0.11661210816524208,-0.054125645864219474,-0.003108534514025167,0.14449866295430885,-0.21301677421222115,-0.180220464915054,0.6028370166336756,0.16181357995019463,0.08768993014170798,-0.027826089746197772,0.02502460369626318,-0.2680337345529221,0.3954108986827762,0.26814069325787643,0.3031255273576055,-0.3029531491900561,-0.12754040258458949,0.3800459695719051,0.16211779417000005,0.30928073569027337,-0.022453343704354225,0.28111094132803177,0.5808812300426806,0.4608401981819453,0.29770695602196356,0.20180921824317108,0.22658713502921862,0.1799810029231758,0.05531532382253112,-0.14514295726370474,0.0007929760027645574,-0.09461182940742474,-0.11930811731786839,-0.12850044970045368,0.4126131124319506,0.06854814342554118,0.14827602669613577,0.26000952083375145,0.31373949508821836,-0.09131881003555724,0.6221391382785668,0.3029439579775961,0.08117229226320516,-0.2967525659717203,0.06711260705612883,-0.34885857409350357,0.9999999999999998,0.26030538527484914,0.0890537236042338,0.32307259604180255,-0.20570679695786054,0.11998933611826648,-0.06838349338805784,-0.11139677658431943,0.15343182626798973,0.3683807567867341,0.48855792475361365,0.3483728875100462,0.12083437848460324,0.30329675168709547,0.6837994021486551,0.07756763916533271,-0.24399544954789606,0.0609731027866023,0.5212295006274121,0.2106082517932024,0.3961701332452443,0.004981744190248561,-0.1265790860106782,0.5602882433210766,0.039125499283279914,-0.08230003289058406,0.0025116859605382805,0.17117652942083797
-0.3505819867719161,0.7922720555165025,0.7286110052980067,-0.025780293942172565,0.5752794953865069,0.5705231898924772,0.6122914585459125,-0.059420341136504295,0.03386693406821659,0.11979286575646737,0.4534878654985931,0.38043897056383075,-0.13490713353020775,0.751488101177066,0.13928562793751026,-0.15540140074923856,-0.01057066661236385,0.19276232421283476,0.6671033591270147,-0.3042480181479043,-0.009246489823865535,0.6355088066651254,0.29124153364114047,-0.13789292241976542,0.02593617292071978,-0.17390550928043147,-0.04271924662875131,0.14945244316103648,0.5337998492829398,0.44106396644695195,-0.2540224737968536,0.3634411630683584,-0.37681896085960903,0.1182226353533166,-0.14195557400675302,0.08025722074836071,0.3978759628329795,0.24608461111088858,0.5096295122001585,0.26092373124864543,0.24956140522259687,0.31991955951050416,0.3994046074320953,-0.010848614103108866,0.16591198984382957,0.8518148052036758,-0.03615385807439069,0.32653927281552286,0.6568238641829517,0.0401471700234559,0.6119590936308538,0.3496456007260815,0.058339853628697785,0.06575030117055883,0.018902028581988976,0.2306931743043856,0.17773568361272418,0.8053141667290461,-0.3238103638138413,0.21106608587411516,0.5341369128305467,0.3019195417094046,-0.14039014948732612,-0.21330850046388952,-0.009296258019224627,-0.10184916620160026,-0.20545994513936278,0.034822274733748146,0.44838848483812715,0.12465402305471802,-0.2050038178660324,0.6254088596285572,0.16797462053657672,0.09088229814465798,0.5150481126392689,0.331735713664304,0.42765567751781974,0.26409268122848034,-0.01238484967864614,0.15337169478796467,0.6873808484106169,0.7464472644057192,-0.21782541849155576,-0.009928228620977883,-0.10765892252685505,0.17027262383021088,0.25065488110973894,0.15478831419025982,0.17385318926621404,0.18262320375993432,0.46575106560827906,-0.0990430492601301,0.01622241729275632,-0.1505201524094977,0.5088212607815308,0.08822105727872222,0.6468441962742753,0.20899463462730608,0.4553139940392617,0.034117985948998446,0.5209436145765322,-0.11899079996603605,0.3517793159240309,0.6447188693303456,0.3618156613196747,0.6793283976729936,0.369881064395532,-0.042500862473701564,0.7161938098943603,-0.1068134722919375,0.2007328527941114,-0.04981948417565501,0.2808380806779367,0.468863820247211,0.049452093434983004,-0.4937194119500067,0.5149812276390967,0.08254012634401313,-0.11979153897808816,0.34803951236134745,-0.06984459987530478,0.30035283478792457,0.20596655058627647,-0.10424271546158007,-0.225012667542886,0.20509988632366927,0.5401992951937685,-0.2457177846540665,-0.15448344443955084,0.2405126902299222,-0.06991216063201663,-0.03731086176905456,0.6439699863066757,0.008412469479139085,0.005951367895994324,0.07246657831388291,-0.16044418827751405,-0.20210114145339952,0.7781545795867859,0.4710390648561663,0.3746467450635144,0.04193362304184719,-0.20461114278440207,0.03479853199915321,0.2916086315753256,0.13808949205241902,0.6608051212775127,0.07778579287727508,0.33735304331706517,0.5408111653433983,-0.12746201520360464,0.07913244445844739,0.4898754498330987,-0.17925008858573552,0.16828701626058445,-0.3137798954767478,-0.0280618562622829,-0.03352545660567887,-0.10471318358895196,0.18592221391004746,0.20182001716513756,0.11266020267047319,0.3153800970512301,0.1250733869325583,0.02352852044225694,0.607759143294777,0.15411440288757913,0.04119974573309895,0.225308127421173,-0.11357749133026841,-0.21816137166356014,0.03862151789069137,0.26030538527484914,1.0,-0.13297565816180906,0.12612787332160993,-0.11043936550758651,-0.042321677206891756,0.3361483351397897,-0.4720917783173425,0.3110509571423771,-0.28838478858826955,0.5652468935501319,-0.18047598619642527,0.09688262271463202,0.6386208429034754,0.31635013639835385,-0.2667528749649008,0.06450372265675969,0.21831636397502802,0.7067529743579828,0.05053997220280554,0.5568958094732854,0.16084059693818786,0.19977967441614902,-0.12563550785195227,0.05207361839005931,0.10444415593411617,0.29530250102190686,0.18413688999483843
0.5680146593861676,-0.0543394104314883,-0.05692404505026277,0.06210444146198609,0.05190392185612454,-0.12060617838072586,0.012834802587670672,0.2642493993092502,0.19196244975165147,0.23856860471528243,0.019467843526935282,0.24515816880228883,0.34583299683098623,-0.17485913140285853,0.16801082980731466,0.04745781392088938,0.36492999712007024,0.19916461474240915,-0.027502876535979767,0.19021198072047477,-0.002321458593935362,0.08132179326401581,-0.022079326707504558,0.14527867765657002,0.12216670949623681,0.7128905825708615,-0.1853457376679245,0.030011517583308424,-0.047695929847562366,-0.11309800142882151,0.4922141777564355,-0.04419762978776612,0.19949976216865048,0.20759999074501087,0.14686687547732227,0.21830654980325515,0.07171888414411677,-0.07089124036202687,0.11847799694113906,0.19542286379893783,0.1585404269245824,0.1326127903133949,0.025631812051989035,0.4709133896049583,0.20794900917194917,-0.13563152111417792,0.17771936839712538,0.17450268346031841,0.0825332178551996,0.3659502725946484,0.009928594681005314,0.023742396481204714,0.22114302718501772,0.28323849975158544,0.2757152103829011,-0.13825480282294378,0.07323381402426804,-0.030998214193859827,0.3529811337303593,-0.011757329675874811,-0.19448377497167346,-0.2668529168150677,-0.06901959562541014,0.18538660878258229,-0.05066642173414784,0.11896163616921795,0.09596090557303201,0.133558747713646,0.139357651102245,0.29512381671239146,0.17302747812232527,0.01439700475595494,0.1988149889243346,-0.013996105318288526,0.05960614214551847,0.05568731578102171,-0.0025520965487501055,-0.023201375913834477,0.05334856276324043,0.28926155709977597,-0.0039009325629095213,-0.1489302802827984,0.2937970398575104,0.13106084656468767,0.4271493202947745,-0.17243557333049964,-0.0304131211957333,0.1269652500019239,0.22819011105964412,0.1322158193065682,0.1359325399025769,0.039997506941535636,0.16468107862772477,0.24335842020826756,-0.10659983010710664,0.33229916540932514,0.0600102600657023,0.3032716752085367,-0.11774174222994786,0.3114880215799173,0.013312174402807776,0.8428451216874646,-0.000516791842283069,-0.0774759566158726,0.13598237039672256,0.004304378958409769,0.06502245083553994,0.22658987233842706,0.09749188032206547,0.08784141295769254,0.01631348152989259,-0.06414136317310942,0.23785605148543806,0.1364410440538378,0.36244878891496246,-0.03565872655918235,-0.06517063491097859,0.10904431012729762,0.19132508122056033,-0.08792722931335803,0.20178766047516464,0.000880366955177743,0.09815697404377303,0.09205513667223506,-0.005699755419802073,0.03587774778236335,-0.018901728887058936,0.12969537079419005,-0.03543077672195028,0.06425739616062541,0.6961722911985395,0.438337369009736,-0.08596405261727479,-0.07491752579598603,0.06037109519390613,0.02411739200381172,0.19559883562869584,0.48463848733441806,0.03625200994009153,-0.011339266169049629,-0.05407110086080171,0.3146662505245186,0.4054584573180893,0.2918647712951714,-0.15015449397470615,0.08205706083225199,-0.04305876127653404,0.016256014412165103,0.31046285055758005,-0.17154966321475337,0.0179700568686928,-0.00316246353931905,0.08462654870924098,0.09512328382077517,0.017492812954585962,0.23256382292435337,0.23904974645020577,0.627388922465067,0.6592707104936477,-0.005621222103832679,0.29725317430192855,0.18242080399630617,-0.04901132500727673,0.1316465337921281,0.04362088808247915,-0.04531166558095352,0.11742336051479586,0.3037143962738074,0.024046745073040426,0.5612145634076314,0.21006324987039962,0.35528525566515806,0.0890537236042338,-0.13297565816180903,1.0,0.17971129570919506,0.4716307545543211,0.20129044227092616,0.19783339390147758,0.20970604509442192,-0.12558009116818777,0.12354481004248478,0.05644054275841154,0.25865203578631996,0.0898106292483743,-0.011608922134704295,0.33008152523580797,0.18455707659799697,0.19229592152133632,0.17085439237909936,-0.11444987561203841,0.408492956782397,0.17935693421679252,0.18945690881037686,0.23269471374362594,0.2271402083704071,0.09859137904818416,0.014004413399708118,0.06054197065883845,0.07009806442559713
-0.002517864640908913,0.14367437068201835,0.3037940152928137,0.37184846896065893,0.30745829369141986,0.42547385471481663,0.21069995386787368,0.19769610896358486,0.3642655389326417,0.3985482570016431,0.0993565014563139,0.34878114475593697,0.12431607040803934,0.07544054177115041,0.3455192421010448,-0.3641259785364832,0.3576095930604892,0.6366270003895699,0.21337164208749582,0.14003573953266066,0.21240969180126867,0.4065410740234254,-0.035173148228206455,0.2162800928706879,0.46228920187410066,0.12122719203018847,0.07542795917854582,0.35542427278891725,0.49773325830235843,0.24225878212743776,0.3256645693080238,-0.1353585532165126,0.12434305692226835,-0.09555415565783702,0.3092458922895408,0.40412548095828765,0.43447132025369256,0.3968953472181711,-0.04716746158008222,0.4781938181377437,0.27403752583632524,0.3677401918519325,0.2218562864879474,0.10010075973820425,0.4025349659974717,0.27973106491674343,0.1853081728484476,0.5471287468570081,0.026992476163036946,0.10262264813994058,-0.004619018868236913,0.4592858687858371,0.34458663124358396,0.24038577341481265,0.26174125514760654,0.12502933573432043,0.24458853735925454,0.3694621405761139,0.2827939313651082,0.19680687213370374,0.18900939115674978,-0.01557230884612473,-0.0020066030235271846,0.07924167061234191,0.1089339911187636,0.2889542919342253,0.2106195558601446,0.4243056938226091,0.2989830996917572,0.24114551869119993,0.5212871938880468,-0.017693494831544955,0.1478857564764316,-0.07726455793881866,0.24093261731749221,0.5416274954011728,0.37762553133598653,0.27429810306817365,0.40773701375125965,0.39315861092284937,0.4224511119110946,0.20511151426335414,0.2915833252662342,0.09963390560472887,0.31218066962193974,0.26301599974643936,0.17155980921238617,-0.024284548598103434,0.37155269544376357,0.17145539248931452,0.31455621582470217,0.19959252345605577,0.18180825837045658,0.37174036828783646,-0.08176149326945112,0.18831900480134497,-0.06511303884166385,0.074595100327923,-0.17396270038600453,0.028375367636834983,0.284741110401265,0.14524325729535317,0.10610007472429454,0.13013094706674533,0.4210943170217313,0.014817079077026275,0.016095016943750907,0.13912463122693192,0.17730915876732498,0.2687914360590607,0.4130116646484705,0.3459384970605688,0.22316814571077104,-0.01798670009885559,0.5015082997157059,-0.18963305726379967,0.07536469073201914,0.42192356477759196,0.4084170734646172,0.3025976016608019,0.25976387581954663,-0.03442592139354867,0.44952182941857327,0.13550780206521948,0.1374984694796221,0.1983231183139537,0.16519585714324514,0.43316703445632376,0.2474214479774152,0.45022121544036803,0.15840425834278427,0.35170820090982347,0.266842461027104,0.3098651827314595,0.1412724310233369,-0.028190201119976485,0.460062978735652,0.3146420566068649,0.35859845119622036,0.03805355492008197,0.037727556898858185,0.21009649044116904,0.1525931291193309,0.4133494556547526,-0.029984613771542483,0.4140710251688533,0.3218844983822142,0.4413368825918604,0.22260781387708112,0.06515578657016859,-0.10637195202136114,0.47571315455348395,0.03404725308841237,0.15504769796352041,0.294204963084048,-0.0949611778665617,0.07731207395000879,0.26493093396356915,0.18213915083675564,-0.15088805244192088,0.22627718127905905,0.22735672230965565,0.31713454405498614,0.4054137666462929,-0.07212311409838074,0.16602003720768216,0.29154605661725946,0.3162559207243462,-0.036731051861946355,0.23400021017592457,-0.103725783036964,0.2387885947948937,0.3230725960418025,0.12612787332160993,0.17971129570919506,1.0,0.2936184123082918,0.29498222352494774,0.3450799443486441,0.042229433478805894,0.03499869339087137,0.06390583464452897,0.062472679689279026,0.30881624552220655,0.28257614035503775,0.25864921254762757,0.42251116400105143,0.08028594613629114,-0.14748964694912203,0.3029777383531019,0.0752557498553764,0.4346074298316083,0.2866541663846019,0.47347117493845564,0.28727865861118035,0.2599666628999671,0.3174716236821129,0.30105023519263235,0.29726907678600756,0.4017142496681537
0.5584237458174811,-0.2606838570467106,0.19355906083299262,0.19515873509513704,-0.14739425935094014,-0.10686184502300304,-0.21358798394171868,0.3182515418722054,0.4195300640571708,-0.06849483599353479,-0.060919499635650055,0.14515428348469206,0.10014348042450087,-0.18486003751659014,0.316934298751519,0.09138143140977358,0.4662568011210863,0.29137069115393616,0.12680225946818866,0.18253974987082622,0.14158222832350809,0.06853209954352237,-0.13584453874867458,0.06554121967435382,0.16837580997016027,0.6604336662779009,-0.18583907532454816,0.0893134245111015,0.04062892665281409,-0.04244820500674611,0.5242166901726798,-0.14016658082131095,0.3120726881935212,0.030893120690163218,0.24639512064870686,0.13388913570878225,0.16784077852719018,-0.04317929149118946,-0.0462335655676549,0.10047342214686189,0.3775878473398617,0.04123778792820609,-0.05179943414726935,0.4359718398510669,0.42584180276802847,-0.07030303249871243,0.18731568162925363,0.4108696075674027,-0.07889378981951067,0.2936324718489126,-0.054194015636173626,0.013468346192241408,0.010983084930370354,0.7066302411045884,0.06388888477225861,-0.2738214698013444,0.06805799334925393,0.11473986305171577,0.29859538923705803,0.09962679848194597,-0.3080756403777001,0.03273917222595159,0.054419273207262794,0.26813279546123925,0.0570582507110445,0.020555796075243188,0.25235738762807014,0.26843865621615765,0.11695914191611101,0.3868158373415931,0.258609559913759,-0.122636312744556,0.15581628140052955,-0.1796697164335916,-0.04450674085195711,0.08016885247107683,0.07229882006611908,0.011868703941187614,0.19187475357091666,0.2260186096032691,0.3000750425232337,-0.22914544871030526,0.25952582029483856,0.0814596401073704,0.5948837979057295,-0.09165481462946093,0.18236644709886818,0.1791587472984089,0.632861621426101,0.03420197197394523,-0.0758400695899821,0.2259971870804766,0.13107196559412335,0.23708734097708545,-0.36011167545235245,0.36789517307157776,0.00439563295981931,0.2035860751611444,-0.2880900449299342,0.4203041144115465,-0.1362804144652842,0.5496389871609514,0.19714181364777295,-0.22456349461645905,0.40937652991518225,-0.20843555418976387,-0.041643459177445795,0.629633473234383,0.1212575878603907,0.24138433516426555,0.07084103392812824,-0.004091440902662861,0.04318293090109928,0.1492389384763018,0.4080839881073655,-0.027514849060135585,-0.07389352616351866,0.22581390640700344,0.16564209481988723,0.1518965667654322,-0.02693934134020709,0.12472042549194966,0.1480566679694368,0.26524521768657544,-0.08529491508652311,0.07290915144199175,-0.09476399411658744,0.19599014236008017,0.12450211299035213,0.16096126090062401,0.6016348642226007,0.5153441648352435,-0.1739798202972329,0.16254483655232932,0.1328328425085573,0.09583828954853281,0.3311802765109619,0.8667052941492008,0.019812765990735896,-0.1260545185894821,-0.12463039220627796,0.7118030836400954,0.29893206509690756,0.1706413130565705,0.04104714647108742,0.0757800564805196,0.15182610961718326,0.13380446553984512,0.0004153739492687319,-0.21761834630203267,-0.19921360869074983,0.23370601359985915,0.052891888144986986,0.16389983466126437,0.22017483382487146,0.2991749244995668,0.22875144198554445,0.6603616449525245,0.6693991402813282,0.03832443447658282,0.0845442736551638,0.38487194482521475,0.13084468214598732,0.06216888734116149,-0.008056681984443845,-0.07453226408567432,-0.17437548320366866,0.07009746328713577,-0.095611892946604,0.7327191027940765,0.12632430350067664,0.7268046122479881,-0.20570679695786054,-0.1104393655075865,0.4716307545543211,0.2936184123082918,1.0,0.2807145332835294,0.45856862228262124,0.13233348062509956,-0.042156912176928935,0.02594505583838695,-0.16360582435735815,0.1445159954113642,0.15621782473660753,-0.05750854326761107,0.06324457989302114,0.11802825306033835,0.5374524374881116,0.30430488590188515,-0.32719095621201866,0.5064497228759433,0.0021464729228038233,0.4126247419080793,0.6295932440921861,0.1261196932928844,0.24373554158371968,0.12010871758271989,0.3005498582902849,0.12010477830692436
0.2393305005295714,-0.07844778266162429,-0.07145643651224218,0.21362084648014398,0.017163794069242438,0.3347064888047321,0.04817437198546156,0.10156753744409645,0.30945911795835734,0.29801436036339746,0.1238516777577438,0.25106997409579046,0.18801196570705514,-0.07604500137755446,0.4530002923924213,-0.16474434685573527,0.17318736139062188,0.5005583055453037,-0.09549018849425774,0.10211257797258932,0.335349778932074,0.2331797478277846,0.06435318852276478,0.31114946395774024,0.3329773790719186,0.24272127670496527,0.16606517524764192,0.37428883003301794,0.3641821191326949,0.1020002223608378,0.2894017859354627,-0.0735525763299136,0.28162932498441684,-0.07313371498288974,0.3505602846778149,0.36994618515946676,0.21131133284349202,0.12778811325409445,-0.05872437159426837,0.30778911776366974,0.2124064431147352,0.3582140452863867,0.16185427651821435,0.16186195981180498,0.37753292987395987,0.1402973246651045,0.4599001734526125,0.23415294687528335,0.015985817915911884,0.11714863293785488,0.019054731457209144,0.318189775278529,0.20385947829804546,0.19117771426227126,0.3330569705588471,0.01581117433900589,0.13754144120049497,0.048119133244712335,0.2905885642680553,0.29045328767779716,-0.08317041654880593,-0.05975353477080457,0.035494013472897136,0.2346144247495538,0.35515615537019823,0.2653210017114094,0.5233643378893522,0.14016257119998815,0.09981386923599452,0.12897816618746105,0.33361937871267755,0.07672222418740125,0.08909631388707906,0.05494038011272044,0.2174164255543825,0.4789824119017455,0.041199286165847344,0.20252809905443758,0.5409826927746828,0.3747798101854019,0.10357704940577928,0.07921562897012399,0.23996111001284925,0.3702830623827117,0.2525725467093939,0.14564247787834964,0.061146302587551965,0.2100253309869979,0.19277126112938062,0.16051716915693237,0.09625597709589838,0.566859909217004,0.2574609608988765,0.4280185401438682,-0.013674998134358709,0.37389174531635117,-0.09659687064261877,0.17573008282585856,-0.08306510678362089,0.15617052090776945,0.12468077454501435,0.09885419701318292,0.18612187978641798,-0.0794953283172251,0.07754775550536334,-0.06440629046657348,0.06598045078396325,-0.0828809625352828,-0.031617995481449265,0.4530017637941985,0.41427722554134494,0.047333893654747716,0.36735136107891875,-0.0021735418575491348,0.19270528295405712,-0.006164195975883945,-0.07909577689684116,0.32142459769202236,0.2885711062070444,0.1958408241152626,0.22301647006133604,0.03916170888912758,0.39652153317944644,0.24756022523673832,0.21781722988540206,0.08176093766019797,0.1561307353311968,0.20645585436784802,0.2618973375295519,0.2717232875104858,0.10507167439160832,0.18708721977718537,-0.03916797901262735,0.520299330461666,0.35868126807526673,-0.08922225533334532,0.34484825236819683,0.25041550378915806,0.18738848539900768,-0.09767738736209422,-0.2516830279988408,0.14217842507940168,0.14507762720222578,0.08818463594434853,-0.05421016615091566,0.3035197665260994,0.13123882416472626,0.2316237831116497,0.19738828853323725,-0.23110121870391115,0.17287238117670117,0.27117292044187125,0.11773579116269386,0.13332337195204969,0.11651516008739024,0.1573425486367922,0.10286955266620097,0.2074570679445281,0.2158498643411038,0.0035775857538383688,0.46077590283567393,0.10674336473017781,0.2024038189404194,0.19870049773920076,0.10267152373930949,0.04311599984851514,0.2157297373099061,0.28103688924680653,0.06894852010320608,0.13896118808909153,-0.01886198056061974,0.2102037384619647,0.11998933611826648,-0.042321677206891756,0.20129044227092616,0.29498222352494774,0.28071453328352935,1.0,0.06940996765577455,0.03277240896544953,0.16409342241861166,0.32546928832726163,0.07801309223778631,0.3334898928896121,0.356527727994918,0.08765582284636231,0.23327811804200946,0.07138779608293366,-0.182364325082584,-0.025998180758101435,-0.07770115676664564,0.43013785332737864,0.034264100730848776,0.1498589299917025,0.004488180150309083,0.14869407471875323,0.28325108109686753,0.2920636158011408,-0.10907384708167019,0.39848796203753245
0.01456352300165986,0.21154619364225413,0.649598900897225,0.43821541460977925,0.36052832583101063,0.2390717767132446,0.0427425907652551,0.17494488328592825,0.3555603564252425,-0.004299312379946445,0.20449723561008454,0.12605638974503508,0.08046857719207834,0.4006750464768912,0.34316462372987233,-0.03396039948703618,0.19727797634967936,0.3481706233604258,0.6315487697680869,0.11363621524686256,0.22766985231910217,0.48151672594531814,0.15541538024768686,0.0022740924927207445,0.07601238482237542,0.24816044462996062,-0.02777436018275288,0.05446140418534835,0.334388210885428,0.29949687347486836,0.18150762956818214,0.07128455988537528,-0.11137378515088989,0.012908306722502292,0.1256789939116766,0.07829185741545305,0.6622271694110742,0.014986459291994238,0.09857304353781758,0.3049445055953897,0.3159971285835287,0.2365942693882436,0.09172201826105499,0.14317137393444104,0.4386768810150287,0.3146966623114646,0.06516158358281193,0.5908410551916224,0.2615756972538544,0.22229781109117094,0.3039731871124788,0.20791413887536878,0.2572045473367287,0.5928711817973422,0.22886304298590174,-0.13281574934830503,0.2587995606161595,0.5810497079611577,0.04377888484775861,0.10881291649412984,-0.05033280588123473,0.084061382425364,-0.1385492107373873,0.03533855287849618,0.03725009187480857,-0.004235438161808313,0.07810158685640295,0.5685763377830049,0.3552716083749607,0.6276405658126668,0.1511022493865616,0.2732658631533879,0.24122659018872117,-0.023065133844380522,-0.023341898535848237,0.28616751249515393,0.14800212125494333,0.3740234246339706,0.0889391808746741,0.15850488912345403,0.5739117156560412,0.1894467609196377,0.14331902655684575,0.1147107962146224,0.31398211255217406,0.11457605503202477,0.31071232644437885,0.15057031448468844,0.6116559555169533,0.07630856097065553,0.31696626252537685,0.23080971714436613,0.009869045549277816,0.04709302573494823,-0.03134605720751359,0.19231769333402024,0.2660086008175468,0.20908002612574086,-0.06802517281790421,0.15967122233732037,0.08914845516165253,0.26501127016621623,0.28425956107915284,0.26924076472173464,0.7924071952385754,0.11715659529783817,0.1332294804413381,0.43156183689550104,0.5744031345614526,-0.028512265445921874,0.22125497298783076,0.35184376239121856,0.005363804986536554,0.15020945640079794,0.19440626121974988,-0.2445131026050758,0.1336148793164813,0.21519128054426404,0.1858145031253925,0.013547595521024355,0.10651567224185954,0.3002861322739397,0.2600308422646491,0.05868562668247934,-0.19110708817257668,0.06560996707979382,0.08948541618617485,0.10338693147874298,0.32782606891649163,0.3684727768083673,0.29904827300219544,0.2928405931922596,0.23387619048333863,0.07995350484960766,-0.025676655194863215,0.04569899532815918,0.30757167323840684,0.46475831525969885,0.3664703879040769,0.04807097698370252,0.18174567295299793,0.4519608852607494,0.0190990462608077,0.19912861144416044,0.1883609835129879,0.16466263120864078,0.4733457977043218,0.3127118025284939,0.06338325149361447,0.15290293145735756,-0.15057730574848593,0.43869257821212876,0.18195494705232762,0.13227233393046886,0.4356777912303469,0.001712839837256772,0.2944822028558715,0.36080819663073727,0.3014024116485659,0.1188651450398298,0.074233777103588,0.4840101393528538,0.1774028663056227,0.10999327446496507,0.0988496285495614,0.2340871710574224,0.03193007414926339,0.056311878079270045,0.025246725881911333,0.4343428762445836,-0.034204399884504404,0.5961656089092279,-0.06838349338805784,0.3361483351397897,0.19783339390147758,0.34507994434864414,0.4585686222826213,0.06940996765577455,0.9999999999999999,-0.11678871114171187,-0.07592626479500185,-0.07051255056719363,0.08487188486577622,0.13861233375739043,0.19884354669547924,0.26100703911335965,0.16557021571125474,-0.04442770299395311,0.35321375074201994,0.4441271126486762,0.1649207714616702,0.37171660269357015,0.28645569568234297,0.5539952575709202,0.38539836743984346,0.18399433990909939,0.19308506471895562,0.26815973025270284,0.6573320389790995,0.33297645659222663
0.3608035435564161,-0.4925097866121006,-0.28032813229062953,0.19085855258297724,-0.10854944160926355,-0.06770324903592963,-0.2809120087751223,0.34884733161619225,0.27945040366835283,0.1447713679871032,-0.19247145919985525,0.018894085510849513,0.40516894991043173,-0.47307441237938197,-0.15094040138339807,0.40449366242469886,0.3202115246639995,0.032003829703507305,-0.24337509712091066,0.27794955224623263,0.09039589596203071,-0.08440173041635737,0.03005080146990549,0.4588993918391696,0.35691598089501575,0.24173763878870627,0.02558891467719304,-0.03837393318323543,-0.0937031355668837,-0.29050030708546454,0.5317596450924212,-0.1752942680067433,0.40047299888863447,0.19322337104733606,0.41475278762169115,0.17001292435216284,-0.043015563650393,0.1104227428340089,-0.39210577798017293,0.13489561149164853,0.16596466444514646,0.06177260988094303,-0.2804356715353063,0.03206757005747022,0.15262537011538038,-0.2959501465607826,0.015985918139167873,0.1130244168191701,-0.41031168095286596,0.3175695241739436,-0.300902380372875,-0.13014360762090163,0.12154630185540422,-0.02967886632757736,0.30272264650390096,-0.23968785586292454,0.19960057480622603,-0.25504211334287236,0.5146542143258862,0.09949701254031937,-0.16681992120995734,0.2605976797103659,0.4050126044862106,0.47757859723373175,0.29361561506456896,0.46013775209798263,0.35715053108917627,0.001722238351191111,-0.24801824306295417,0.0686740274434291,0.41723022725779224,-0.36483047233628646,0.016636243465186565,-0.07718836762381197,-0.06255156451779341,0.09994807293844236,-0.14408555390489403,-0.2527509328789105,0.3222446004545794,0.2189828745817048,-0.30584797772000594,-0.45027086371721975,0.38370930962025984,-0.1782297075719695,0.34631207784971024,-0.13448566189318006,0.0685940433677326,0.07603272908080246,0.03381404422531391,0.02285058481816973,-0.17505209908597755,0.1030020715511242,0.5236711004224998,0.12472712261364252,-0.08383297782697596,0.2770329281467794,-0.24690578632041205,0.22877539333452532,-0.22011742460855654,0.35753349047303046,-0.2607930503133207,0.19542875606301874,-0.20111391309185328,-0.2654744698067658,-0.15461911728733427,-0.14677728519543753,-0.28827842289168093,0.04719273405531004,-0.30738301797486056,0.33162981476148584,0.16463338896734528,0.012342438016318902,-0.04840195918542505,-0.08986388779123464,0.20690142434179648,0.6541206354396191,-0.35176613057923395,0.3239217369402705,0.407956840039307,-0.03849767186776707,0.372321583919029,-0.06210579916088194,-0.06610998668986919,0.21341558550499798,0.40248145986360573,-0.11109163164475937,-0.10776879519719239,0.4146922952127324,0.07009864137497362,-0.15841695943959794,0.09096961695169495,0.3336660403234079,-0.3333989988648468,0.006405852892665474,-0.13082394118200638,0.30925049860080345,0.3652015720954039,0.18038371137988402,-0.28215602736875306,-0.20305957790561818,-0.23344355128034314,-0.01155693383783947,0.647596357274867,0.2840685851202223,-0.181301077335255,0.3213656220380324,-0.25154982281224975,-0.04212082293047159,0.07201778045204572,-0.3079907304119484,0.17921224624620902,0.1604221311526029,-0.29585559132930317,0.3751170424060313,-0.07442121893848076,0.5410149250324503,0.42397131460174625,0.1478427623986507,0.2723647814365461,0.0309281167061104,0.11426125362186206,0.019479231562635917,0.08075076142409283,0.24216523976219928,0.041357408767307736,-0.23751227076045686,0.10667381964692312,0.2376552611523979,-0.1342467017998603,0.2011433404745575,0.6935976082232166,0.2351098325446571,-0.11139677658431943,-0.47209177831734245,0.2097060450944219,0.042229433478805894,0.13233348062509956,0.03277240896544953,-0.11678871114171185,1.0,0.010239356034870362,0.20409990568517644,-0.10950695411945842,0.30335721615956446,0.33222443192458023,-0.2414605144443544,0.09230300532438947,0.6076248930570157,0.059027309929737655,0.060858107259167044,-0.1825175058883489,0.19055424867210302,-0.17222488932514418,0.04144548890879206,-0.11500314895998494,0.09801976725701958,0.21115280143707477,0.08604429839702767,-0.009487410473908293,0.1806862752619825
-0.05746088881564634,0.24112012692443305,0.1606175555714107,-0.046820062684326876,0.35069382599596655,0.3564654588000912,0.20931034095330414,-0.18405293995914362,0.020030123394695,0.1864967851126504,0.22036231824762145,0.18100345806948434,-0.007840783299000882,0.1291823988765129,0.15949889976511247,0.007797730472056624,0.1466713544466378,0.0251517643317785,0.09787671884996726,-0.058566368715539927,-0.0642546341665681,0.3608000207751145,0.1920240181366213,0.04385630706945139,-0.020777818826684526,0.005902144419488449,0.1204098555539828,0.1316091706499212,0.3200467525075116,0.021463060403405513,0.11993307167116209,0.4798944606893502,0.1256383643323757,0.12999845708069746,0.037033162980167275,0.07958705014852846,0.1496607573708189,0.21871999775442927,0.06934073805826445,0.19447249982678888,0.37885748351245946,0.24251981480872734,0.32054146838590386,-0.08992817813063017,0.06970792269505811,0.40000133063391013,0.08521955823461506,0.2259315607293919,0.1428867845169559,0.05030966572374714,0.3684004564727698,0.2112926613759856,-0.12026657214685724,-0.06232116292588517,0.025396729322601643,0.18285548341208024,0.013545667623306716,0.2783642772654107,-0.03854459060016833,-0.030325168120181625,0.37047004632136815,0.482196882784511,0.06898453235590209,0.11334615016592804,0.027660453707497024,-0.021228968480363722,0.02564894243644619,-0.039833056500245344,0.08751877144592216,0.006468678905885187,-0.0359957183067674,0.2683737136833065,0.08731875759953815,0.04023397650986213,0.25619689288032915,0.25569672676651584,0.2983905734484816,0.17777167281336206,0.21717802967171312,0.30652967185364033,0.24600843595193084,0.3193619843922352,-0.08946484308856498,-0.026161283534333682,0.06141947942219415,0.13223130241457245,0.37011141681532617,0.03288610373127838,0.11420607644474032,0.20139918193528225,0.25262734876530585,0.10620501171261193,0.24273086733272106,-0.2024007172324663,0.2605529727842118,0.12054622891506775,0.25138022726705195,0.14275422111302807,0.10292578141528679,0.2314753818989907,0.2570419531537299,-0.056244021716362606,0.3421814270393884,0.20678322844463312,0.06908924641711107,0.26530877110077095,0.11928007316711224,-0.0887603823387166,0.30221708539562564,0.4380317284103137,0.17849309853681225,-0.083827016886946,0.14992967417637795,0.2121399827034092,0.032799770615234834,-0.001756742357681913,0.11115205672836174,0.16549173280116794,-0.07034440380384893,0.45506581344756614,-0.20100468580819325,0.23462545898876,0.03860561623644063,0.20278580684231573,0.01989245312999819,0.06721291154019175,0.24766532305215536,-0.1457079547705765,-0.29216874199976595,0.09768243155886912,-0.09623354954405426,0.18503161406043808,0.31196721281956946,-0.00014264794166011938,-0.06840822091224132,0.10092393491828855,0.006796803298685594,-0.08787750054734335,0.494499915966929,0.28483063176478696,0.035350466393111304,0.06283711278669964,0.01760095661617513,0.051997081430211214,0.06034928379308386,0.10634470340821511,0.2213901391095623,-0.10036248991596751,0.18553752852184635,0.17876797518207715,0.0524622365514295,0.03190865524399752,0.13079253196830717,-0.11609730480845958,0.3525648971917169,0.16425708836407862,-0.05953168176235874,-0.028490970977082617,0.08858629597471172,0.42630601398760426,0.05751923627043294,-0.14404839375492162,0.2818069083491875,0.11816533888014853,0.058470583820960854,0.2981572158745453,0.022859100933445047,0.0854452781367682,0.10320113736016204,0.028598335557915987,0.002291909228286917,0.110695652590985,0.15343182626798973,0.3110509571423771,-0.12558009116818777,0.03499869339087137,-0.04215691217692893,0.16409342241861166,-0.07592626479500185,0.010239356034870362,0.9999999999999998,-0.04618774852246394,0.22352757602490686,-0.07623788915793563,0.031533073576506546,0.336515510484721,0.17349992049530605,-0.03140813292596578,0.10087166755654234,-0.015969917551894256,0.24149708013238588,0.12205634469036362,0.31755913149535697,-0.15791071113540595,0.09772582613991139,-0.1439205821342655,0.02272802154047761,0.41115344648898183,0.009935488778735672,0.13811231442625163
0.09057753079860945,-0.26017848368732,-0.3090866314756675,0.29885235191959064,0.028913672537146714,0.05655516178900817,-0.18330786071708208,0.14166539140542428,0.12892888032698097,0.39718898771254263,0.11756458168592163,-0.21290694163301999,0.47287011358099285,-0.2566279674289871,0.24453745476071972,0.11590110898187488,-0.11325017768514914,0.1181152823417346,-0.3209342420288028,0.4047379034978369,0.2844207638727911,-0.01029152153144122,0.1253789826961832,0.451591755124612,0.18365426343703128,-0.02961537579781594,0.23450406390573722,0.0765354890724972,-0.031921267979712474,-0.009740741192915084,0.027716531176803123,-0.1949842482814265,0.40463720689981303,0.10432617096357497,0.381481414413465,0.11199061919010646,0.010680930247245065,0.07786807774751876,-0.35743876343638936,0.20407500868821649,-0.008017823261128517,0.091811449995809,-0.015563189078101572,0.19117239039707173,0.2662027455326427,-0.20673946493143033,0.367313933058443,-0.03930112382806184,-0.15832150231056458,0.379952283420342,-0.06131023064136274,-0.03169197791858012,-0.0009763411649243258,0.07190085283975411,0.5258803585016582,-0.0023306551046731678,0.10011749783361236,-0.23286472318107146,0.2656097852105149,0.3130120013254695,-0.04718913296689592,-0.19830628766206276,0.23370218680122282,0.11308559728826503,0.31584734808970294,0.41055217824716306,0.45151096700195054,0.09843008594678099,-0.12140607780457614,0.12138790144907237,0.12542042464426562,-0.022313291758525797,0.2009539251282844,0.22084976699438083,-0.016823078993376955,0.2620891341491309,-0.1481592232720206,0.05293418802517228,0.30829525499801724,0.13197960265966033,-0.3024711082300675,-0.17534216325470892,0.29889666330572545,0.42270795816845735,-0.07108408380719726,-0.01709829483251507,-0.030812756110215646,0.0533211496701081,0.08168339202815923,0.04248240572908342,0.017514216098479567,0.2140313516757141,0.04338616801981232,0.2334000716439561,0.15337753766431605,0.2734369235175749,-0.2444767355886404,0.10767858983511408,-0.03561274630424062,-0.11323957685093133,-0.03431750138135885,-0.09393323140145184,0.08455541095084973,-0.005465311723170129,-0.009107543979668488,-0.21036546337572745,0.06566233314209224,0.03842470378382656,-0.19679023333575066,0.21974359314357492,0.2676581229131694,0.22944885360356118,-0.01627724920761238,-0.17045708277875238,0.0173279893164369,0.47341368024219543,-0.17369346595980595,0.08682887017250025,0.3831585182257726,-0.18790424160709318,0.3783199479075857,-0.19136978719739867,0.20423271820329342,0.05176592145177148,0.5147521967719005,0.15384309855279876,-0.10812396681699388,0.23667237927541654,0.1579588267590482,0.14547674719000855,-0.16332809198824572,-0.21390496618328253,-0.0939141071157477,0.27150636187694493,0.24755736799991476,-0.00487561015482868,0.2670605519750185,0.03459846880422941,-0.12248058167330876,-0.17634172909908533,-0.20659464077048734,-0.12006341948228502,0.03548921956304546,-0.013519183729593653,0.05680677528446411,0.29034913881466273,-0.3142097439320877,0.32255007694422233,0.15776028656417554,-0.21887279563780232,0.48359047119021176,0.09896946658767634,0.0931062037506334,0.19033427852424367,-0.0398191857200663,0.2823027192749762,0.23997442853774087,-0.0931915586253253,-0.021738116970456006,-0.13808311708538654,0.4891512202652393,-0.01646096972587745,-0.15880598831040213,0.018404014532090347,0.21432088841523614,-0.3464553521968503,0.2659707292665321,0.13144801873182632,0.055185541039952164,-0.22358789546317964,0.353856024524431,-0.18118806468738033,0.3683807567867341,-0.28838478858826955,0.12354481004248478,0.06390583464452897,0.025945055838386948,0.32546928832726163,-0.07051255056719363,0.20409990568517644,-0.04618774852246394,1.0,0.05215145649265028,0.4983357584847448,0.32094132618195015,-0.2512933002658502,0.20909226561032274,0.3565059114628318,-0.16027193872085077,-0.1533097096419672,0.03483187285306282,0.1289188662042555,-0.17711192369148615,-0.015932151072994276,-0.20445661452284875,0.4155766735539608,0.08466302005966418,-0.12091585071542203,-0.08548963172954713,0.2765212414361175
-0.18965331262478008,0.5535417668733738,0.2572308262992489,0.08162179408433257,0.5387694506201819,0.6234308883302005,0.43352021379605854,0.021434655417019968,0.07913074461497249,0.38390876533863005,0.45737652929934186,0.5666631508382513,0.2583075333770211,0.28834307679309623,0.14175593367625405,-0.1458356594959516,0.009229498761032295,0.22256913388279143,0.23981857378768381,0.015279711803119728,-0.02775401138314046,0.48330656365629326,0.3963928517312686,0.24990734835190992,0.3982098508041547,-0.15046557183007414,-0.1441310173403628,0.09124878581802562,0.45651097632518356,0.21414555188048237,-0.09702383141231669,0.025487761097425145,0.012794312341719738,0.2519314565022072,-0.028863598224367158,0.19187943535813226,0.20857146274030644,0.4563874056412592,0.2174299182288218,0.4270378972780754,0.22682339217148348,0.6341073322471998,0.12235050149623715,0.10965829468809732,0.08719871897393715,0.5515079535580226,0.23344868127298607,0.08098837354254178,0.39355283740099056,0.18684315625047182,0.394792809009509,0.2705276495466392,0.08196212180213805,0.0637907212844893,0.3160007141506445,0.33419772785406193,0.30650623878749916,0.44243768673661293,0.008234862339317238,0.3146255908194349,0.5056321154853789,0.0647000358472363,0.06171080793840317,0.02425937211347547,0.28660622249360795,0.22459496259636297,0.05325143328910491,-0.08902676293132789,0.31987894833511316,0.20579278100311482,0.0318308289799758,0.4101723575148186,0.34461936274707694,0.08669674861510278,0.6438376299414593,0.43229814036874603,0.3743873980770264,-0.06016015686565577,0.04190117472062817,0.3340658329213566,0.30546681191166714,0.5916072025390332,0.035985056845623246,0.25377091236035915,-0.11301239540322991,0.30868579130620716,0.02698702320311406,0.214138240229281,0.1373277573970882,0.006517187933322509,0.36784414070419796,-0.09806297916650357,0.19739685768496876,-0.005164561649816362,0.5623889643672305,0.11290632437744452,0.3268196886343882,0.22635829874814828,0.28155279146055184,-0.09852185959614287,0.2861619258335268,-0.11358180320183545,0.1435941741122577,0.5918267631778413,0.1801383449101218,0.5055402901535222,0.2665504902983015,-0.06852729584871037,0.39114143446597094,0.0218774485868845,0.24023873366465603,-0.06796491247867126,0.4002352445053006,0.12773874692653284,0.289184845584874,-0.1006889797834484,0.36706769835561515,0.3238960475931821,0.17897727455348686,0.28063292799454276,0.1964652513511616,-0.012080410093208881,0.14367467344635032,0.13595162186229967,0.265807473359082,0.3152059410362876,0.43947335843573615,-0.041368113566412304,-0.20349810536679558,0.05993901867072421,-0.12684078667910256,-0.08864939621026556,0.5640758687640002,0.03509797939913922,0.07518132313111728,0.07888532235917883,-0.07418325236430263,-0.2530276553213892,0.6278640034963361,0.33056049523627584,0.2148522534454962,-0.15030422153298703,-0.1255184214992533,0.19250167226040946,-0.06661681008514173,0.35043264233727867,0.3166968921234409,0.1121012594383023,0.5597976506295974,0.45171140919984665,0.25719663465471465,0.1052467493188625,0.23569659411989516,0.02719933356376095,-0.036814115437661506,-0.10861779876385061,0.013436436631000704,-0.017327580985829136,-0.05174041027860785,0.22655214925606362,0.5345231847392783,0.06640280550124288,0.4165777050582407,0.21985473812481177,0.1607212154917278,0.3039066463670916,0.6070741692441157,0.32716447299805657,0.27100946810292265,-0.17138026325858174,0.005060375458274596,-0.08926192505239512,0.4885579247536137,0.5652468935501319,0.05644054275841153,0.062472679689279026,-0.16360582435735813,0.0780130922377863,0.08487188486577624,-0.10950695411945842,0.22352757602490686,0.05215145649265028,0.9999999999999999,0.21279802553898475,0.22721620375253715,0.4692007345804707,0.5704876496708438,0.08581662631544179,-0.12971183131310102,0.17227037009401389,0.6809713743109953,0.24434880240773088,0.328251293236799,-0.034290893946961255,0.07269067340012171,0.00307195945637311,0.1942281223043254,-0.025393351234499647,0.03532555402241898,0.28911440460438337
0.04091406403451025,-0.10292991087508083,-0.10720028038812812,0.5712342693044539,0.061766117286233914,0.22946661566571674,-0.10693202866378353,0.35155472165012375,0.3478581207225558,0.303624027451443,0.23231395555960616,0.3047828605101763,0.6726593245534344,-0.12370311786984982,0.3723859934349674,0.06508957528170267,0.16356880891193537,0.35858373493981766,-0.16181244417068474,0.6366038580674236,0.08277854119784213,0.14434930232676996,0.046230345543925744,0.7353340836565941,0.6074709578709525,-0.0018725905227581134,0.1058768294565103,0.1712149513852024,0.265990796936908,-0.08192141232577631,0.11069434122990858,-0.29926421509442974,0.6171882013370361,0.12045522657673265,0.4752675030571083,0.26100076633979397,0.16200247401899975,0.3236344681367327,-0.22464044013220352,0.5388383873981996,0.11217346044860138,0.3585945777180493,0.04085033818231928,0.08249204438156936,0.3348681393558936,-0.06708675969792895,0.28052258956709425,0.14392971245647185,-0.1671487684980926,0.18832541405326397,-0.23561362807337768,-0.0016160989320031822,0.3859790755058732,0.1505617422873162,0.6515827769959233,0.2448223122891948,0.3179245516294434,0.028748890249011543,0.7177027778042381,0.30574311325145764,-0.021993724531892033,-0.30399178196481724,0.36371173639056176,0.11838196608433937,0.3063648195923051,0.6984065828356751,0.5879945018745198,0.27150934087065304,0.36416652605036215,0.401866299749664,0.6006215181087435,-0.08268030268701262,0.3158112803783489,0.1349650553348286,0.21816069262198548,0.477415018976775,0.09362976468715153,-0.009727851288270837,0.491219204397167,0.164750284453083,-0.054918549556019935,-0.1301900393293666,0.6153145071060655,0.31323955241014106,0.13205964193918235,0.17444603401674802,-0.05303603584440552,0.044017720556199756,0.34957758719217086,0.02146695307806183,0.10737399432988821,0.1966341945471213,0.0660869453988766,0.34785379548166373,-0.04305820643428372,0.3885602534110697,-0.1879750899873924,0.11662079061765582,-0.05981736541622403,-0.02147309703965444,0.0842342226516405,0.09713570508765436,0.019291693567862974,0.016744107992543764,0.3592956524811656,-0.012560754859566575,0.14860276132756228,0.13363413485861772,-0.0913095779486994,0.4117616152590412,0.28616651029295337,0.44573698000664624,0.0776364424161123,-0.28643859616979034,0.34054362963558926,0.3789941546230802,0.02748010925446516,0.3871191121273112,0.8016381273430498,-0.0684421658394574,0.5969950179170458,-0.30622268062085806,0.36211882258516004,0.2435699276877888,0.5150045880433175,0.08901507610141321,-0.10924681058667161,0.5408403647033235,0.18944795232664094,0.0726330982287812,0.08755208512605704,0.03720960205874606,-0.016177103981656664,0.18534994650293593,0.13919548445495677,-0.17144289861027873,0.5306916714682061,0.17998175421233015,-0.03571830147531602,0.05358254186861979,0.09774192059330199,0.05074857681423888,0.3188409214974901,0.6230872570644945,-0.16782809212242786,0.6374354864674989,-0.12440431305947218,0.2661038475191519,0.39551747539622834,0.13100556406356015,0.36261433209344124,0.34596966825946546,0.031186459481141328,0.28626318481432045,-0.11479998372161994,0.04198719132650862,0.14239057973239858,0.20887487050998985,0.08920229480376017,-0.1634849654571789,0.48275521980865843,0.02819558388430358,0.08006311990079858,0.317747122057405,0.39308889604609476,-0.23390199962710603,0.5365040014984553,0.5381625028070882,-0.10753766892125241,0.04866259202932114,0.2246975460073365,0.03486212421959961,0.34837288751004625,-0.18047598619642527,0.25865203578631996,0.30881624552220655,0.1445159954113642,0.3334898928896121,0.13861233375739046,0.30335721615956446,-0.07623788915793563,0.4983357584847448,0.21279802553898478,1.0,0.5383761301048793,-0.07467798595252341,0.5614299389881932,0.3703144827713016,-0.2014119978080693,0.07959586018421243,-0.033522297564782505,0.3486644412510632,-0.04405736223604364,0.1115472197706211,-0.09479874787213101,0.5882451874255197,0.3419995659846837,0.056506090655700426,-0.06167109965917116,0.5162648956000003
-0.03524374762160621,0.0013136441433326581,0.10849627667401462,0.459781246978901,0.07079087167181847,0.46573324915373016,0.006123164149731616,0.5217810050357509,0.43240268768123447,0.3817332527065189,0.19491252631070774,0.2072836857394001,0.4292065652937912,0.13006100362744502,0.2744508010868382,0.04393610285887901,0.11349982546067212,0.5079818876617913,0.08861527676139838,0.2887837252058012,0.35145996104662675,0.20260456297891613,0.14315860865335456,0.6639403859429597,0.39691873752199613,-0.02122168111560552,0.13392695261076026,0.570681515381676,0.3006536713867976,0.21800639712130304,0.20555487585573348,-0.06562409249906966,0.47451517794732373,0.16579609362023515,0.6759871493907378,0.40113926315492293,0.2749454233393086,0.3333383624847862,-0.15094295833861138,0.33880707373065966,0.29604265350455583,0.36437457362610143,0.07375188256095447,0.06655431069349814,0.4642197460453328,0.17078911505229805,0.1912053944423201,0.2833871851394859,0.039073217976396526,0.08823721649943546,0.01009844433144849,0.17659787135623878,0.30066567791216126,0.016862952219529728,0.5188217177201273,0.014780703448032067,0.37981993098436245,0.2814597834727491,0.39806213340891355,0.4093212525056606,0.0692324688817825,0.12154096101436955,0.3616561065056729,0.07726756456859143,0.39114988138008583,0.7873096319210874,0.3920885200077196,0.31260125449874343,0.34493701362236456,0.2704738968504638,0.40926410657672935,0.12297147010765648,0.26498985472111486,0.19486037897792383,0.16910278781221935,0.5937414343771203,0.12126811840030195,0.03310828331958807,0.5553016249051769,0.34041003793383123,0.12429344928331636,0.03570184116969846,0.4522401504258533,0.07036770508102307,0.2389565637779208,0.1236148593238766,0.06410296828070666,0.10904489466049458,0.2700824232010034,0.33279823207492176,0.032935789364897654,0.34530560330258075,0.18673041969844553,0.3331577262474092,0.0223037979619809,0.5223414761832297,-0.051336666010080655,0.29993791993469177,0.04043830480129383,0.1674770887571281,0.1515611515927709,-0.03248885904413108,0.25233660227983107,0.08484039982393575,0.39181536849631476,0.15361449797294918,0.17323636808158346,-0.06488061424460757,0.04432211614195409,0.49457716813382707,0.4034052756225278,0.2714488681511188,0.06120618006023907,-0.09827964330244356,0.16783600855831707,0.3009925785589186,0.0832744063185296,0.3906301637381462,0.6355232284189278,0.06770813898473618,0.6992869521911521,0.10836039421617201,0.548503013674508,0.2570442287243371,0.3259100845398344,-0.0468445398601108,0.12128286023709442,0.6375544685919707,0.24325556938636797,0.15793392722340852,-0.1145291891514562,0.04734770537008113,0.07406483628851541,0.4490073520513028,0.20091655724492902,-0.17850484175425294,0.607824301647951,0.14602247694884138,0.09156421719998602,0.06581755886521408,0.1865763891564536,0.04537690250436884,0.26312653596374,0.4059231521898221,0.14455032272964746,0.6980301936572517,0.06994355524050944,0.2660041289384021,0.13368105107258837,0.2245675669716968,0.21149217438902854,0.46149790483943787,0.2995941123914458,0.32206447267327193,0.04139876802211502,0.02092830810860269,0.3402872235485273,0.03785534162693194,0.03453892463788508,-0.17965979275047347,0.41314189400322426,0.2556711133956277,0.17776936036664792,0.22660608017949954,0.20767165766687704,-0.004828048530083017,0.2421585212354155,0.3324569344426656,0.059620552853134605,-0.05910316529122162,0.2771132836568626,0.1879174564119157,0.12083437848460324,0.09688262271463202,0.0898106292483743,0.2825761403550378,0.1562178247366075,0.35652772799491794,0.19884354669547927,0.33222443192458023,0.031533073576506546,0.32094132618195015,0.22721620375253718,0.5383761301048793,1.0,0.09287870007678473,0.30286020064450675,0.27137552429937684,-0.02212269901175077,0.278469596958645,0.10861279240576517,0.3902304547331682,0.04020187384494002,0.24212133379805903,-0.0847340268933306,0.28140552158879656,0.36520452421828065,0.2706037367831644,0.16200404097018317,0.6620366444502381
-0.21176589764993656,0.6780779669562652,0.36633943520653856,0.022557129274881245,0.48195972288358246,0.5594842743204171,0.6307148268959691,0.18315013580981168,0.18839215354187405,0.26505690509535523,0.5181164009175356,0.39833139947383883,-0.10512896865741572,0.5457151147221839,0.15436070566966253,-0.21363650368213913,0.2466906397471233,0.25577149800302473,0.3726307827201496,-0.3354448594585321,0.08276609844291224,0.4844922530320375,0.41285850598028684,-0.13722699481060419,0.16427934422906543,-0.07732926780976034,-0.0645378720121327,0.1708569147067046,0.51431386481319,0.3017977633504809,0.005072294118007614,0.3321808456767714,-0.20777651922480653,0.1639191440714179,-0.1020643450744327,0.10317323495199103,0.275927899604818,0.303985855662521,0.5163158724556017,0.262473212571543,0.2890267241322568,0.4570960177690115,0.44409030081438594,0.006885178477816123,0.15452456374760234,0.6407352873071877,0.01989258285234651,0.31214952120746253,0.5876935327417628,0.15941652201637954,0.44265578305195874,0.3914597538726509,0.36726536975477464,0.06494454724649557,0.08599523017026303,0.37576542382201905,0.39444349999227535,0.5361532178719274,-0.20357329561283619,0.23608079539276647,0.5620905841179553,0.1979928122890343,-0.12673011876238208,-0.04266926418730969,-0.04566080543258209,-0.019651553925483508,-0.17993641289869913,0.0768539974600403,0.3567184527638908,0.23275342686343017,0.07233464462212225,0.5204421359700862,0.2984688815246896,0.3142896422859635,0.5491336756119338,0.4269193660816076,0.5728679971585116,0.27770605620363437,0.14177354360707103,0.34746294583859,0.4701145623847618,0.7324635591745665,-0.05342127166639136,-0.008260871589439958,-0.09999728359461948,0.13261040297294693,0.18239258397724317,0.18317329048443945,0.21174297322522723,0.35884730651115604,0.5111525898333822,0.08822060123893347,0.25770323353162,0.09936840779533195,0.43656464668565403,0.1576440638833855,0.3648223611938063,0.36908937892552934,0.46242250791960304,-0.028507128801048724,0.5196495452507105,-0.04073821720559213,0.25821376458073975,0.6115433871174074,0.2373980530214554,0.6281942406064218,0.34982145863980607,0.028835051591516465,0.5234942615908857,0.032957114689077825,0.36393185031145325,0.08674731128658716,0.48181675815277075,0.3333058145907339,0.2905472604707524,-0.4158117966128254,0.5291727336917561,0.3208323938337502,0.008854686395469364,0.5000461223942,-0.038213187344266736,0.19809858846529374,0.3122669020118329,0.20996508636176428,-0.07729349628471634,0.19793135341709847,0.5213730791279255,-0.23291334791469356,-0.07869482370410542,0.3571993555173728,-0.036479611678306746,0.10575498994378082,0.6654212576909763,0.1884866180490204,-0.01703268632450517,-0.12315243194855127,-0.10280359544301974,-0.07608566329654917,0.6456966157715707,0.2737531223568944,0.37583459910178674,0.05185390664396849,-0.18534552620149425,0.23192135741643563,0.11226933392928011,0.14448140198194104,0.45044065245057113,0.09359005810093818,0.5307580041546556,0.35783333950938667,0.014129115105678327,0.21762916216509878,0.343427438556124,0.1379263379815935,0.17441777007578155,-0.2559496810337756,0.18596889634350422,0.0747953410768165,0.06675472740521848,0.18753038242760808,0.2717799483283573,0.1120078833898349,0.2820763018019167,0.29914285517476247,0.11836177835927793,0.5809958264383936,0.2601661646702267,0.15263947821188242,0.4508147311839537,0.008180611049550411,-0.054424813548381794,0.10149320289677365,0.3032967516870954,0.6386208429034754,-0.011608922134704297,0.25864921254762757,-0.05750854326761106,0.08765582284636231,0.26100703911335965,-0.2414605144443544,0.33651551048472095,-0.2512933002658502,0.4692007345804707,-0.07467798595252341,0.09287870007678473,1.0,0.5009819359229791,-0.17553698515702043,0.002998913954354171,0.30286089219230705,0.556212527381894,0.20916016372787707,0.6082317117138228,0.24431045109148405,0.1004037832172764,0.0011666490028101495,0.03744136693559472,0.33979178717528497,0.28920694489953075,0.22523522495574774
-0.029644047110525474,0.3908496987955663,0.14576674986074367,0.30290610831924963,0.5042330100306178,0.5213568236732303,0.3621935167447661,0.3044683371366679,0.372371565462441,0.5316540866905084,0.4665497539517368,0.6118894238754041,0.5535499078346011,0.1579232965921593,0.3335885520742292,-0.10221030666083589,0.2337792299030403,0.3866825413721961,0.08550501461046163,0.28127062185835006,-0.013067432116385114,0.47074480937168345,0.19713115208348567,0.3069104458698154,0.6460149812104055,0.015180650053193988,0.005066914520460808,0.175111605512716,0.45786536859942883,0.14329281127750257,0.18395305464030104,-0.023406043169191256,0.26036004042258465,0.2544802974430935,0.12776754190857467,0.4175249359199638,0.24522722790102516,0.5286611776082242,0.10230588939706488,0.6320094796757623,0.31648282565887287,0.5549338155880856,0.2976104035902142,0.07926572327106245,0.22457202305310836,0.37305500273627806,0.2299325406602055,0.24529983692169854,0.24041598756207017,0.3959475818790006,0.16785643602615716,0.20730626936477728,0.46293045695417123,0.10466963523132751,0.5147782915531582,0.4205115043636871,0.47719595188092484,0.3864281821896034,0.4041710098601123,0.39190683555935535,0.42110733854683063,-0.08409064974752183,0.19007903622460132,0.15013743475812408,0.18543015986805825,0.3341915599003598,0.23343518290207385,0.23167346041796785,0.4563736684535568,0.2875529241862951,0.47747572508545927,0.3380870010087242,0.48838563063824,0.20980510327828603,0.6759898923951366,0.600946991991334,0.5030290685867793,0.2347646745050281,0.3746909282675603,0.5270819590370484,0.24616767661947406,0.3421246902416791,0.38995747943929554,0.3247723314471664,0.06843625997234704,0.34871436093575736,0.0075157712870300925,0.24782478981090936,0.23556221251069268,0.1926653724939779,0.5246602495465996,0.1163867832507488,0.20932104403514942,0.23610896117306335,0.3157524510525979,0.31724752269578005,0.16798453162825988,0.3823720992902479,0.19043618776304605,0.030815551558774155,0.44647970511415097,0.19196919925764416,0.2862262117963934,0.4851031626970485,0.28464488923021003,0.43497777327090337,0.31329668605032873,0.024577164712179893,0.31202980523658735,0.2152137540614977,0.3846546910281312,0.292394351642805,0.4109514180086624,0.07026370627645741,0.5513797596718075,-0.06654977651171022,0.3603524056858145,0.505497267841032,0.5139582437238804,0.30442748841539363,0.3183191467280062,-0.16316659276545864,0.4601969909909808,0.24428280115712814,0.4902815094013525,0.33208602010254057,0.2686195708615776,0.1913231011747317,0.0003552263689645162,0.32617252211464937,0.12190459200737515,0.11948507395296858,0.49989702284294335,0.19654221440564462,-0.0489020020062816,-0.041451684739766737,0.19581046463259996,0.001968643272291531,0.5376679765206575,0.25641737043467727,0.1731678814422868,-0.017942823945957836,0.181359688717613,0.6237672621923422,0.01824192565538311,0.4112967676782844,0.1906335454323103,0.2810658321122794,0.7838888749400506,0.3809121482586507,0.26495842378919177,0.3753762370204585,0.17957297968849753,0.24635172279291886,0.10253749347132893,-0.0764599126707396,0.11537952557438479,0.23178310817365963,0.2090036494989824,-0.07503591352027784,0.6267670965161184,0.18948549554660088,0.32370863997677357,0.43905820989207145,0.2554475609722964,0.1218236142259355,0.7216892701335961,0.6401273621782294,0.01769568555872721,0.056510998441029456,0.08010658360470674,0.01241825550815727,0.6837994021486551,0.31635013639835385,0.33008152523580797,0.4225111640010515,0.06324457989302114,0.23327811804200949,0.16557021571125474,0.09230300532438947,0.17349992049530605,0.20909226561032274,0.5704876496708438,0.5614299389881932,0.30286020064450675,0.5009819359229791,1.0,0.23522609532820776,-0.12427961893311941,0.27336756582499483,0.46865969718157335,0.4564246858924099,0.4965030719110396,0.1804575125250975,0.01971758562445117,0.47118711378584843,0.286089999089352,0.09468422318685037,0.1512581274611542,0.3924884714658069
0.43602035989342125,-0.3422175686776683,-0.1499658663723514,0.21551196798765676,0.02922876967183414,0.013034713641364874,-0.27351782741892994,0.3989491173891267,0.20984452197712075,0.15085488171830444,-0.12462866278741717,0.136661872543679,0.5538395358787215,-0.3652197282803965,0.0584510062952804,0.2671331944847606,0.08494653637921072,0.12710131509695252,-0.2904151744939235,0.45533734937298365,0.05422990715426766,0.12264534337569495,-0.052149446723145726,0.49735680933016374,0.46952476410666566,0.16577586087728707,0.022087058190730802,0.08377028271867104,-0.09725105032553173,-0.2556274313768864,0.4660570362118958,-0.4520537851058455,0.4951096736706185,0.09569597732585321,0.3218880837202819,0.19598530741564552,-0.041669374124515775,0.18945627369515833,-0.4060310868067982,0.3180176832050225,0.20168577351622594,0.014862619015875775,-0.27447548704811686,0.16713984634084827,0.2138303405050246,-0.1714125778822586,0.16853495631733909,0.13094693780584088,-0.26281867435587497,0.5155587224415246,-0.08499836964347793,-0.22841489286939642,0.0032831674832231594,0.08303529301426024,0.47366680256863536,-0.25157871707467827,0.15536215808700357,-0.1060952516143557,0.5064327016054055,0.19993761258640505,-0.18188760342972213,0.02200540365195886,0.1796820638678864,0.4901426423098659,0.40795059042711135,0.47053617927223906,0.3801304868174402,-0.09154179863975866,-0.13141179670545675,-0.005833377509004194,0.3001477336458007,-0.2503995898675924,-0.0018409738070375575,-0.17193416045790458,0.06624569956809,0.17372384956710185,-0.11313244632763812,-0.32468955438950964,0.27020245471757653,0.15357274687939826,-0.14940173397460255,-0.355992918256208,0.40905906137031983,0.0812314634027387,0.32915775569042294,-0.2303508531485931,-0.20184678263207237,0.07965491961021753,0.18339773900461176,-0.03562281614397476,-0.010077562402916827,-0.004082426106442017,0.23104778570433546,0.24520072623393502,-0.015935874446617124,0.44121476974826834,-0.11667498132296121,0.20382651370134106,-0.20914400981757797,0.0543760311487355,-0.1090664658182646,0.10382722295709489,-0.1288113008349975,-0.11035932300187182,-0.04116464596647345,0.07355742732027974,-0.22850646775897018,0.09217560534768329,-0.2170855220720745,0.20707568231154858,0.06796512141107106,0.06693829418727813,-0.03488115870731655,-0.17119750344957707,0.27084506642214695,0.6508143168565853,-0.3377732047472568,0.07554280517381616,0.4654308070040676,-0.046918530889693465,0.23048687873967186,-0.2019596610039783,-0.06072282026501479,0.20057145765428316,0.5622435152621986,0.06426468099073997,-0.14135403001152638,0.4753100155545466,-0.0848049218340107,-0.15988188861223973,0.06361873244244906,0.07454060314025301,-0.17501870817819498,0.07798208262533399,0.03316224559715956,0.3405114937208516,0.24676613742253728,0.18131025221932734,-0.14123274650645656,-0.08085267725089093,-0.45181448245957695,0.044663430301417444,0.43478809556563,0.12878753810406654,-0.2577476313226903,0.34754854728267437,-0.2713472989791301,0.15345487467390392,0.285342186729468,-0.07059089389965391,0.30968049341906595,0.07332388502774978,-0.04368826883614375,0.36184596618739584,-0.0589839872441335,0.45364691960376535,0.3998719028214548,0.23496078967410258,0.19887033511322155,-0.040831370371259605,0.3323549384007241,-0.08930598835114342,0.2087910472020174,-0.006320592938592722,-0.1441503158856689,-0.22538168096664207,0.28206742452005856,0.380282631153442,-0.23077986988832863,0.12419483954297568,0.5687420527922615,0.04528425739454544,0.07756763916533271,-0.2667528749649008,0.184557076597997,0.08028594613629114,0.11802825306033833,0.07138779608293366,-0.044427702993953114,0.6076248930570157,-0.03140813292596578,0.3565059114628318,0.08581662631544179,0.3703144827713015,0.27137552429937684,-0.17553698515702043,0.23522609532820776,1.0,-0.09071314490909602,-0.10777448432339615,0.06467716113796967,0.1460381040532944,-0.21438461040406495,-0.05382589520401622,-0.0691140182545067,0.24380085347767916,0.6001801693191615,-0.16318221081492737,-0.199894542648913,0.2113134891065986
0.2847197995864687,-0.09114010415169703,0.2646679424908915,-0.0602954591452586,-0.11732987364609324,-0.20342083081069226,-0.08028316025852018,0.008794379062729958,0.16316784488301259,-0.17041971343959267,0.03098155500324358,-0.17703785777560677,-0.14008465716276386,0.07455936407436553,0.06438513848018179,0.465909271994797,0.27640793024631793,-0.1792587939864724,0.2897022369069561,0.01806479593042953,0.006162468130825499,-0.06872102399829888,0.1738945166106925,-0.22840094865764043,-0.2803108087730775,0.46457094694065043,-0.2559893283092332,-0.028325252498735968,-0.2730211780948017,-0.017570093836969943,0.23880912290797698,0.27158057615842585,-0.0008505290557877656,0.4095661992391559,-0.03763765175286121,-0.1354172396194146,0.15238197948118265,-0.11023117592755345,0.16453293060973215,-0.24671309175116704,0.4119264244254185,-0.1751287626349199,-0.05173073334197802,0.1502408919197867,0.06730181835942906,-0.06492784156383052,-0.0008581592095407431,0.24366388915270443,0.13654466672799037,0.20513484524466236,0.16234119025917804,-0.20189558732437954,0.044793906796604444,0.34598139749524637,-0.21626327852891758,-0.2820258371691955,0.13276844597563492,0.11533628097184434,-0.05578693277195842,-0.03387258484895041,-0.08702761710198062,0.43410814747012055,0.19818568329764588,0.11532559953589536,-0.142110629665663,-0.3292153353554262,-0.03817204621211213,0.12926964555289536,-0.011101545163116094,0.29637021726856777,-0.17288225207425165,0.09598948028362188,0.21005052480424433,0.013702119094426781,-0.17886134178135593,-0.24160571411352214,0.03445789170770987,0.1540987560213596,-0.21753066506868218,0.07226462546005769,0.1416142572449749,-0.1189291637012998,-0.052413849883240375,0.0015764676664714395,0.31498339060609626,-0.20719682047911683,0.43169648815806466,0.31588847092436106,0.2610285046821131,0.02794146022115736,-0.14788302153674748,0.03801690760018476,0.05775214424254955,0.0027194842775212363,-0.04088211750155997,0.06407604742699345,0.3737482431112304,0.1998288986361789,0.040930648566348045,0.5339133833377179,-0.23447155981656487,0.3501598335115155,0.4193197520594782,0.006762328978061205,0.27061652975205097,0.06841947327722728,0.06262305779182242,0.36137222214759546,0.37037534083863827,-0.013096736682152227,-0.15312950498232586,-0.07673032417208876,-0.0996720773073027,0.41458931271413824,0.03172980599452992,0.05641747434361466,0.10979119716525823,-0.04249922866581785,-0.24700833636544903,0.0260290336118051,-0.22212043007894114,0.4795608845848948,0.029855137484063106,0.15816634866137358,-0.2963304593952895,0.045069544314203736,0.045533547910978175,-0.2044983402937475,0.044966374872300686,0.027143320459891828,0.3489629324130191,0.2903994989987112,-0.1231781820823649,-0.09698377811256655,-0.037915705436395886,0.33619385081892056,-0.025563706720063202,0.46369520310637485,0.03882868036709352,-0.0038508209174160676,0.19879178219567664,0.3884345542696381,0.21695580986555665,-0.022089568126611763,0.1094961555397595,-0.19476080998857415,0.06613413229455757,-0.10372380338844636,-0.1791413028395994,0.08191616967188299,-0.04508427956494225,0.022866887210762164,0.16398975527522372,0.007627703825451126,0.3132495702134222,0.32426842634048286,0.08769692930607778,0.29470330596181094,0.4791951588380926,0.1416601510574875,-0.2577240334976074,0.39796037334677126,-0.026063599487001016,0.026365188444769226,0.0814103453467416,0.10254323902028155,-0.38491481649748743,-0.28836601310735216,0.06395777984192698,0.5006799348877947,0.18196499064888372,0.6618369423891578,-0.24399544954789606,0.06450372265675969,0.19229592152133632,-0.14748964694912203,0.5374524374881116,-0.18236432508258402,0.35321375074201994,0.059027309929737655,0.10087166755654234,-0.16027193872085077,-0.12971183131310102,-0.20141199780806926,-0.02212269901175077,0.002998913954354171,-0.1242796189331194,-0.09071314490909602,1.0,0.3636384175271695,-0.14076040828162537,0.12902248730649174,0.06258855142697729,0.27651200047694463,0.4205123789098002,-0.08533825434625633,-0.09378078139805553,0.14690882546836875,0.5178734885678431,-0.22506189226983403
-0.0757913741998764,0.29661280036048876,0.3595663550723479,0.3977527072933812,0.1661097420299922,0.28441148036901875,0.33001140990466715,0.17226650646370706,0.34542456440555547,0.18517455884082712,0.15651599785275283,0.29664273410825437,0.07322933902351558,0.2827989335690624,0.2618510135857558,0.16506739491990646,0.28539284242408797,0.3298747273677308,0.42185600125765527,0.09807236497942841,0.13465788157590183,0.18317942164917148,0.3944773168579471,0.024850940336791916,0.19141203261825154,0.06490928852419468,-0.19122865012998977,0.2686422569398774,0.09857780168757493,0.31805218917254113,0.1389018411693726,0.17374249164443883,0.06448254926095155,0.19594310589646788,0.012148791820346855,0.3933614263855127,0.37357310584938896,0.3021584429025859,0.2799300845964206,0.1881565810953889,0.49812226644170104,0.3803466446508853,-0.07323014808399339,0.08892598417471245,0.2731655717646855,0.16017431833631915,0.20390913349659606,0.5096741407978889,0.29046408894747805,0.1345652785427017,-0.01845446177547974,0.1602507678081797,0.48878495105060765,0.24457703255969446,0.08834235278520541,0.16215633942892776,0.4063525869702416,0.316203489826242,0.10208728958742865,0.13120359016691827,0.31347392596495066,0.16873347712607867,0.20788033021227043,0.1493439500292069,0.08599444577338067,0.12092295860429382,0.006691017567101692,0.547591056668047,0.45931832804993367,0.537150099853599,0.22831119546238343,0.16866942440985624,0.2921846497081469,0.12227992106366643,0.24013894938577648,0.3204425684429706,0.3975148486817316,0.2923980649031478,0.09624646265091949,0.3677663517600851,0.28502392474037247,0.22672702973852263,0.32442462452516535,0.11651357392369364,0.04945252236185755,0.15920718233942147,0.22798102488144703,0.14124149461497365,0.36452947894962173,0.13664421399599233,0.1990446965922975,0.4345519005637,0.29515522175096753,0.23567062548326034,0.16537346703403277,0.05242756037710241,0.2530242086079161,0.22402127215919965,0.26761882852263,0.2568468533905785,0.03543562691994009,0.1114117181538165,0.41054360994252664,0.16215758609982817,0.5430202004436067,0.30367518796990095,0.4106818198375633,0.22851441554828741,0.39313862605771593,0.2068880246293985,0.20507375205187536,0.31038941808590703,0.25088877388561426,0.27216897261897527,0.23597395991467868,-0.18113264836550755,0.34416549982050054,0.42035485231026076,0.27213496793531167,0.25728611246260447,0.22095027816023027,0.29294176918268877,0.36318708217593776,0.3068430308094171,-0.0850332720683299,0.03446204061789822,0.21233254307383892,0.13384706686634393,0.22801424203844578,0.43760483764491015,0.08300794806452208,0.1599883113546332,0.15093790512510546,0.19777317741187544,-0.07982476878361996,0.0299697397557232,0.3707213085834309,0.22520986798487885,0.26450547544410824,0.12647051633655193,0.4112816589419661,0.18992882530507615,0.11663744840886044,0.3295810681196809,0.1965961857663225,0.22652606040798448,0.22976440397212414,0.289977708842618,0.1890540040379689,0.3152593366992023,0.04235649093632021,0.4658979888701333,0.12863606019536197,0.11796807315497326,0.4275372731506417,0.034213469976112916,0.18237794571155624,0.06928637364365473,0.2771785040007005,-0.17421918036876405,0.10225600693785841,0.7059146385961043,0.30018447786283065,0.32255172114790825,0.08948025158660665,0.2760775375199607,0.12405851004642111,0.10169431306340286,0.22945395545151892,0.25304175067344076,0.08661227719298976,0.389788756003252,0.06097310278660229,0.218316363975028,0.17085439237909936,0.3029777383531019,0.30430488590188515,-0.02599818075810144,0.4441271126486762,0.060858107259167044,-0.015969917551894256,-0.1533097096419672,0.17227037009401389,0.07959586018421243,0.278469596958645,0.30286089219230705,0.27336756582499483,-0.10777448432339615,0.3636384175271695,1.0,0.14634844086678148,0.4795192364561814,0.3376333082216099,0.6313294943949189,0.3020817901202239,0.06018460269812913,0.13437287339547074,0.2234686005596693,0.7509293828164073,0.22796824232392865
-0.3603635663929241,0.6855533166141724,0.37202922349240414,-0.08568063048520609,0.6456906192281004,0.532440049924301,0.5041876925555551,-0.021358601428033468,-0.03275336194084363,0.29195486954530436,0.45445341371951953,0.27885611038639413,0.1342037424154526,0.5381239732376742,-0.015100827288729104,-0.0766379764214246,-0.1194223234033736,0.07888330562345,0.3887897492877884,-0.24588646307443443,-0.09076851796300572,0.48960757892641343,0.37475597229354607,-0.02969556570130417,0.14121405102883844,-0.32188756166667204,0.11269168169570212,0.12756994666242952,0.40067212263195295,0.334157304659709,-0.19546556760759112,0.1835849609931274,-0.2955884062024037,0.23505475720039135,-0.13212445499878175,0.11306655685920981,0.2951759432560493,0.4016468850268368,0.24341515715260953,0.3226020756986909,0.10314928630249115,0.3154882098449203,0.26753280089763887,-0.0733952605128558,0.14100377114348045,0.5953425426829627,-0.08270590633061976,0.08330402911318992,0.5267189562217569,0.24188198521627788,0.558736580233728,0.20426524525492198,0.06880255067132549,-0.13379528443988803,0.20689112180807398,0.36765500905169785,0.3477605397578975,0.5523249447503908,-0.25028785970384054,0.28012829185764365,0.6722660727932112,0.22724163072906756,-0.05967524145156775,-0.11277498184213869,0.07942503506830069,0.038495849845145716,-0.11119023721334742,-0.06261139456598068,0.19078927103370244,0.008158038148347228,-0.1400341658934046,0.6185049446044445,0.2715552017921639,0.2416709968711972,0.4979507985275664,0.2808484423587138,0.379687949830749,0.18909405691122413,-0.01921104040111194,0.19471259079428363,0.2716926451272192,0.6276355376204563,-0.11447975159054563,0.11598620008924523,-0.24723615672540525,0.12547613068386793,0.07374751241924093,0.19301499040651338,-0.004310873553447032,0.0885007479404801,0.4727466654659854,-0.08389355892399553,0.08569804097392154,-0.20581117112179761,0.7270279368709903,0.10377239365027544,0.5248758618226615,0.2488834287790882,0.4006728246934766,-0.15289406657756668,0.5255059236657859,-0.29161824149374377,0.22165541506055583,0.7699604241882195,0.08286916360106436,0.7126057636651374,0.24685718957730599,-0.18029201960627944,0.5291513473793265,-0.16263124663216558,0.17877958119990123,0.062539182672788,0.20190578168941592,0.24357574130597975,0.07903291252218947,-0.12812337786212066,0.34563071744626434,0.13755010686682723,-0.02347967275922083,0.2394779958077836,0.030169466908675294,0.030846089692444182,0.12547814787963382,-0.11275852394140894,0.10174177085509539,0.3088205457491197,0.4621263375021434,-0.22135560006905644,-0.18532596805215498,0.15003342416818122,-0.27373593376712924,-0.25979568914694134,0.7093003725705573,0.01317485534872931,-0.1616347073551068,0.13112602022292302,-0.17975192960860736,-0.43166540020149524,0.5978770754249356,0.37986382575421224,0.2873927425680435,-0.28091465781663527,-0.18344103663489997,0.03157581593958251,0.22634770436276253,0.17738983078654838,0.29762105353680396,0.13180776097270064,0.5266213520620833,0.5120506758655237,0.14849420728914006,0.044914061238462505,0.3504136516661392,-0.0438213868979938,0.1374593526430009,-0.1747652432174283,0.11039771535713917,-0.1432644309692422,-0.24476608037805925,0.1514298379901867,0.3004185074781026,0.07473617533577644,0.2861299990381908,0.08339480101629752,-0.008312553591123343,0.37947313105864544,0.40677542114202325,0.10894434929566395,0.17706630526119127,-0.36395564466577635,0.13300171719014003,-0.22097492645689623,0.5212295006274121,0.7067529743579828,-0.11444987561203841,0.07525574985537642,-0.32719095621201866,-0.07770115676664563,0.16492077146167022,-0.1825175058883489,0.24149708013238588,0.03483187285306282,0.6809713743109953,-0.0335222975647825,0.10861279240576519,0.556212527381894,0.4686596971815733,0.06467716113796967,-0.14076040828162537,0.14634844086678148,1.0,-0.019506306618742333,0.5146966802420883,0.010579480872192085,-0.08183136622635773,0.08778712100693555,0.06614348483261033,-0.013032348056379763,0.15700797105122644,0.14772616319770698
0.19769012091241933,0.09702500733090864,0.09747371602873825,0.369153511905317,0.09911983188692987,0.3778290366393485,0.13571173786743082,0.2253900679911961,0.4090376317733786,0.26805941778474646,0.2187149131388777,0.3474288411329675,0.2736316406616091,-0.060701883413331895,0.3920917745662214,-0.11031777792774931,0.43345342619285204,0.4516377622591197,0.04182423519188284,0.16555599680131103,0.20672801009392258,0.27522683549665455,0.2296828144321164,0.24180556474218032,0.43614720871147394,0.32733832737757623,-0.22074668507008854,0.33153353765612703,0.26346086267916236,0.1429094627064001,0.5091042819603669,-0.004802796755771699,0.27146277462773405,0.054933237849536076,0.20245390140094566,0.3907588240465658,0.29433695127176474,0.1875105072810834,-0.011088629240990718,0.25630197201757193,0.3816906377101639,0.5647774288390408,0.04390745602238951,0.18878762285397976,0.28633224209693514,0.19764762840351321,0.3251967661939476,0.44787733802672963,0.10272048988126453,0.28192148109042214,-0.023418790777101517,0.3418616761346282,0.29628118399113446,0.37696106450485617,0.2739093100221948,0.13416532178040166,0.3309663133773757,0.3098064263483811,0.32989428284488753,0.18011245974303589,0.16260574420829588,-0.045809406379000196,0.0836749525143819,0.38762512818315237,0.3303003907024102,0.24708647748899792,0.2876948170612327,0.40127641710702017,0.2794291386255795,0.4429972365408096,0.4537067759275744,0.0925273453658583,0.45671003101443136,0.11525294024691078,0.2515541124424655,0.5038272669106674,0.39137633242529135,0.16686487304443523,0.430653441666914,0.5254926087225729,0.2887664687592809,0.21015353470957465,0.3304505643970153,0.3148387234080545,0.38155195722140534,0.2871263719242062,0.2965950230865166,0.1213412226458351,0.49219660942727467,0.24913825479602764,0.21211829749762406,0.38161616648938396,0.31387749689805705,0.3943921815321975,0.06943536222720299,0.255962347644103,0.01252685532453531,0.22384657737853672,-0.062009650057837824,0.18730334959042483,0.10601860932307144,0.37357568207384123,0.2936449973682959,0.12201404542911472,0.4461695694108807,-0.023833384718085434,0.01415037463318053,0.2863664376629068,0.12429209211540723,0.3903053317556883,0.3541267169022925,0.10312132944604709,0.40548482868395613,0.11582081968021808,0.5148603481449596,-0.06299921981741907,0.203619913900649,0.4643165985132117,0.38045755465896003,0.3844794808398538,0.2303587660675839,0.07262836313128411,0.39391967455825705,0.45779218705405333,0.11593701203206569,0.15130243695701437,0.1506660928070155,0.25670186224845654,0.15911625619344097,0.2911363070825051,0.27267788030375356,0.4612495811999636,0.1734644650366725,0.3504636100741769,0.05411625672552701,0.07148229662201648,0.32321756163917,0.39452724973241676,0.3705849209823031,0.09259361554779491,0.13322220975628152,0.3356326745406612,0.22694991866866096,0.34672117099372324,-0.03958520769433797,0.34126392201348155,0.1779987408620996,0.2798058524185319,0.2721503139820317,0.0814687199756657,0.04324770211893239,0.5003448465831507,-0.016770543850595492,0.24107990968091253,0.39079579338573495,0.19041755233633964,0.12166374901976337,0.3312493101325099,0.4995733645772253,-0.05490679724545662,0.40275989264112977,0.4392985408360525,0.458423079888752,0.3319195997113642,0.08132636329758801,0.14518686865140987,0.2585037706996628,0.30037958747558613,0.2043466474685782,0.4731781623089921,0.1309354626089317,0.4694216404736471,0.21060825179320236,0.05053997220280554,0.40849295678239694,0.4346074298316084,0.5064497228759431,0.43013785332737864,0.37171660269357015,0.19055424867210302,0.12205634469036364,0.1289188662042555,0.24434880240773088,0.3486644412510632,0.39023045473316825,0.2091601637278771,0.45642468589241,0.1460381040532944,0.12902248730649174,0.47951923645618133,-0.019506306618742333,1.0,0.20264951646201448,0.42031564540874333,0.3735427774960163,0.20275630350846044,0.3427985817218623,0.3512729306189931,0.365442860575203,0.3793075972771144
-0.18273245332146607,0.6612798920625488,0.4193746372306711,0.0328989154620873,0.6499404918261751,0.4145496736585746,0.5384322496678642,0.10843278950181798,0.20589825864146788,0.3768059650896856,0.47495140610177744,0.35322982028156447,0.09201196529518277,0.468968952819544,0.1300055869426614,-0.2053963509823445,0.09852353657820417,0.3057828897170119,0.5208286502655469,-0.250996053522519,-0.043926964146905806,0.5404995343281394,0.1648018678424871,-0.07515882368525437,0.2165727244509475,0.01699930148554244,0.08290005966405903,0.08459371503643506,0.5471513572568161,0.35828515895320073,0.019162611099693937,0.44624368792955,-0.21390837853722788,0.19792069110252977,-0.12441417017033586,0.30080883591971413,0.4782417418433843,0.3427426905701158,0.40806998448552667,0.4242659967298566,0.29952912635743456,0.30435681360522837,0.5346067616646344,-0.025554615992618473,0.3108432881577469,0.4788044270939414,-0.03786070696372443,0.466997036115599,0.5160215924402013,0.20125049282553892,0.4563103873406241,0.2386663601801787,0.2743315947880736,0.11391405289967135,0.19512603958722022,0.3374768626550727,0.29178692559029595,0.5279647239374411,-0.13594672184975037,0.17063035636524018,0.5568566485421576,0.15683673723363892,-0.09713332597438644,-0.028666962008360275,0.002635967269909644,-0.05143295340983717,-0.13983160767741892,0.22159217321276153,0.3369315171705316,0.19402339109121952,0.07430111183719654,0.5561385149324135,0.3325244463985846,0.1426310976724006,0.5389164942554633,0.2755056643093904,0.4723179917356694,0.4924814270915318,0.11793819019000791,0.40836360514426945,0.4473914434062824,0.5391394260283344,0.03538933597589301,0.022982511075522134,-0.022950002756603805,0.16340667421711652,0.34206540129341817,0.20640764157162225,0.17278083594455537,0.17827967735846503,0.6812239855664076,0.10903018635560076,0.14040884956504704,0.008114914200832359,0.2638088154148,0.1462548978649217,0.40730727293926694,0.3651478766836983,0.2674188146719424,-0.016541846776438173,0.6137223880937752,0.15851126525433876,0.4043624569807325,0.5229466380077751,0.30124643833618353,0.5790089003829374,0.4240750224017125,0.058586652364689754,0.5468755542994387,0.0980002850119637,0.23124414329894108,0.2254906971631565,0.3717326734674641,0.22951506748394165,0.21067032963309834,-0.3750189357751629,0.4447016806133615,0.2979384461087986,0.03430417663457499,0.4204809227010727,-0.08932364732898666,0.19142462697420787,0.2563339300736942,0.03542994878934445,-0.037004252165662846,0.19117319472225464,0.39704767678252045,-0.14011389862134138,-0.14703524341870522,0.3255543119694904,0.06961827211992516,0.09442420574932413,0.5371669435633172,0.07590271103568673,-0.17233741653977552,-0.014754832231367261,0.012009272631324286,-0.07420270694812099,0.6436158206430567,0.5019821958031323,0.3530144011331727,0.026265894794984757,0.012363792498527211,0.2820703919855251,0.1819004500208858,0.14893681773365341,0.47929219565901354,0.09993500360313337,0.4565469268338511,0.368185206911382,0.00328156096553728,0.17035844651493193,0.2204573321734219,0.03815436258539533,0.3446480460781494,-0.21162040313797972,0.16409757542926945,0.10973053362576882,0.06883162178172245,0.2281484063873749,0.17153311792899514,0.12212779918205495,0.29095134103587506,0.21336075164599505,0.09974131856898753,0.38569896179567126,0.2361042861777529,0.32386579156511963,0.14230083473043437,0.005022662083918473,-0.02316254501227809,0.0888043405107813,0.3961701332452443,0.5568958094732854,0.17935693421679252,0.2866541663846019,0.0021464729228038238,0.034264100730848776,0.28645569568234297,-0.1722248893251442,0.31755913149535697,-0.17711192369148615,0.328251293236799,-0.04405736223604364,0.04020187384494002,0.6082317117138228,0.4965030719110396,-0.21438461040406492,0.06258855142697728,0.33763330822160986,0.5146966802420883,0.20264951646201448,1.0,0.2482717679939429,0.15502562408140577,0.19940896729031019,-0.0062460535284242415,0.3082959886926943,0.33330295406866683,0.22075675024218946
0.044359553540150004,0.17889991274462239,0.30333945069004004,0.3673345067176803,-0.01064185490045634,0.20138248009953455,0.31600431305181953,0.17367672735538658,0.3786846118669837,0.08937512935687456,0.1975997782660614,0.1989622675405715,-0.005977631674281051,0.25017604011401307,0.4414773063716735,0.031149155075745286,0.4321391098910909,0.4103476768894609,0.2843111963909974,0.06074123494461372,0.2812891198665492,0.23514242903968452,0.3263857158140154,-0.02986892951874263,0.23917212854027312,0.1978156364785788,-0.04729998693855455,0.1066835025522349,0.23110918846451808,0.42418078897846967,0.24964414876789714,0.14299552579440755,-0.06721319468723183,0.18077053762316442,0.08866667907086247,0.14141441876900926,0.5544510311824155,0.15037116999381128,0.29333491148165647,0.13101693798191727,0.4456818608003652,0.26978155590524994,0.12963540217078998,0.3047218663926939,0.4232755568909879,0.2087482386022403,0.2656676128102842,0.6723561421911696,0.30812792749552737,0.2920251204770614,-0.02659447095845239,0.3104914379872087,0.45727767454324825,0.4510034226595757,0.11283323742484301,0.04060222007278901,0.2405469013549952,0.2286406396338405,0.1297022305947491,0.21755602123202275,0.1495170552680477,0.13264497933718894,-0.012535592138643857,0.2587377159319071,0.15422732727271152,0.053544359912956196,0.14841282047434456,0.5392204409193228,0.33000380098132115,0.5231367489715623,0.17365852434006096,0.11071791531253532,0.25635970000818065,0.0929752917413393,0.12315724259431546,0.22817990227395402,0.2108748241844832,0.35403905552466786,0.1640993528596552,0.22589367763681006,0.2826220731167047,0.24334403792566803,0.2185044914343366,0.1711326390450489,0.1712091874595086,0.09724731464348083,0.30999645113610264,0.09090088525990593,0.33562898410858427,0.19863771703197544,0.14408860029376594,0.34994251174672486,0.2604954542589178,0.3308073683659623,0.10923617505792749,0.07840893453398766,0.17133581012702925,0.10330288217653508,0.21966125147837293,0.24033326802813804,0.11974102810900597,0.22053650579395662,0.2746296087624314,0.003094368680503607,0.4981322563957485,0.16184641311889209,0.225233836825345,0.3850390337756411,0.2754254871519263,0.1191439780280954,0.46941095532089555,0.24171442257223133,0.30258062942396613,0.35929186435725247,0.4355177593197371,-0.28411304128030174,0.16131374742320925,0.4202919530640696,0.22383358178484622,0.04758218680555234,0.23645701312118814,0.2093517722025927,0.26911781931598494,0.2821939942846149,-0.12082661439804121,0.05320215467082414,0.30966540344880855,0.06216794274714666,0.24087149652183465,0.568095947783619,0.25521945373726806,0.4093060192390588,0.02398732125940766,0.34353507280150947,0.1346079999801944,0.08540866364238665,0.31763146357285593,0.42596099434938134,0.21539306462953908,-0.05977990460638467,0.2106682282232005,0.3605716688783477,0.045673087216245425,0.21108523715659033,0.2193132090642211,0.20092605092966687,0.2596215372678806,0.43935784440714454,0.10928332679367857,0.049385745429050915,-0.0356466344544717,0.41072297684019604,0.1736438300729091,0.2512451011234619,0.44352422660235896,0.06419610404121576,0.2547712973864811,0.33343160883060247,0.29564400336096114,-0.12277384873438199,0.25198588986124004,0.6306547538061238,0.18667908311542752,0.44649209385324157,0.06236513537922383,0.3522046003479752,-0.020211741680977828,-0.04773968817977568,0.3146742919675493,0.36184617286375825,0.06412642137942179,0.4679661986136664,0.004981744190248561,0.16084059693818786,0.18945690881037683,0.47347117493845564,0.4126247419080793,0.1498589299917025,0.5539952575709202,0.04144548890879205,-0.15791071113540595,-0.015932151072994272,-0.034290893946961255,0.11154721977062108,0.242121333798059,0.24431045109148405,0.1804575125250975,-0.05382589520401622,0.27651200047694463,0.6313294943949189,0.010579480872192083,0.42031564540874333,0.2482717679939429,1.0,0.2758176812282979,0.18504228887845908,0.08502955994385529,0.21318465679442955,0.7026746285587095,0.2691466637294724
0.11679681656707895,0.05879330482696889,0.4641663575332806,0.03691433832206923,0.10672505553725348,0.09457399581709525,0.13913416532039258,0.0643248639990535,0.11912223444922135,-0.14241275341530954,0.018933748290615515,0.20637192811537258,-0.09814451794180254,0.07259220180406183,0.13925274149593744,-0.1312456755882716,0.39802137590253783,0.2460253640844551,0.4066712996086041,0.016603477253270067,-0.17522045024022428,0.24357056276266847,-0.12821837861602123,-0.051569094072441035,0.10793664299863599,0.3226622205583527,-0.2568024128338195,-0.04669107239893339,0.15087013842324315,-0.02515556978295101,0.23223044532041823,-0.08038567700291613,-0.027716200599094548,-0.1331963086967278,-0.013063646821928334,0.2155174057205315,0.23442732134476396,0.129433825545204,0.1504860088412434,0.06028555004829956,0.2204231893767925,0.04126614223281524,-0.048344895122520014,0.5012665440430073,0.3441505483985135,0.2891187879039167,0.06825875183367436,0.4018256818921125,0.12590113880530987,0.10101693346618944,0.06336784084293008,0.14626986845916604,-0.007199631147596577,0.6506094489067955,-0.1278224273826277,-0.1062852701822778,0.04283082550687346,0.3902746177059063,0.06478967596667647,-0.07540890473344425,-0.010441129201459984,0.14860650652180338,-0.10273178847821829,0.10103149608907022,-0.08183289658887147,-0.13181117614831944,-0.02043095488888245,0.20907505126571263,0.10496573058199538,0.17520298217676086,0.1636029356328361,-0.006060430148438463,0.0197809387199436,-0.3507336126981563,0.12634609530651936,0.1093308147377542,0.2248440940166399,-0.07728604252267861,-0.07967663531464791,0.2067940337693649,0.570234957051492,0.16918046238822,0.05971679541455838,0.055286779734190626,0.2941018162438459,-0.0205894242463234,0.1946831976820298,0.007987056310077598,0.6203121065576784,-0.037283980350499436,0.014719140007014136,-0.09723051188759169,0.1355110413682001,0.13691582351403833,-0.14726331571768644,0.0010827550640330004,0.09448131775918218,0.07722065982053615,-0.22341711821391552,0.19162725600458372,-0.074269593755401,0.2692204565363081,0.0755627647811866,0.029623339603729648,0.3085284229680041,0.006233305153184478,-0.05813916754481656,0.6049836043332699,0.2984064096089982,0.12456883636720899,-0.07711433555866475,-0.09994009926055128,0.08491074506048041,0.1888584368961969,0.3067360420206129,-0.14647028522895933,0.05427121265987503,0.11034133383878086,-0.01888250665753353,0.24587630325647378,-0.1589441589323601,0.1957793672589169,-0.0018180959769379126,0.14878618635517477,-0.2978708463713495,0.05352400312854485,0.07583960871011693,0.017001687687603226,-0.024203249971402396,0.1256048237223202,0.30241285996389544,0.3528225295103034,0.033290855031651204,-0.06754376861633232,-0.06662009210843717,0.2162250079564365,0.06957087455918344,0.6000192593020774,0.28780052146013857,0.14460192749205786,-0.020684242850665183,0.6265222351671766,0.008189685635789501,0.1060226863701531,-0.12345703519875773,-0.011573150136176855,0.4982687899286793,0.09613502208521583,0.050952678739778066,0.02746844813951774,-0.2907705891212114,0.09279964914578907,0.0786618995489589,-0.14384613343678035,0.11244127827737933,0.04410472614473132,-0.16903958749590917,0.26092003739605646,0.2995056653904249,0.10266790959715832,-0.06191672112330448,0.18346441503801675,0.3046683942246082,0.08284114392438217,-0.1928936183947692,0.2042225294491837,-0.17968711227537554,0.042158330963735564,-0.039667744894435704,0.45386869499454124,-0.026925685161517804,0.4991251612381241,-0.1265790860106782,0.19977967441614902,0.23269471374362594,0.28727865861118035,0.6295932440921862,0.004488180150309083,0.38539836743984346,-0.11500314895998495,0.09772582613991139,-0.20445661452284875,0.0726906734001217,-0.094798747872131,-0.0847340268933306,0.1004037832172764,0.01971758562445117,-0.0691140182545067,0.42051237890980014,0.3020817901202239,-0.08183136622635773,0.3735427774960163,0.15502562408140574,0.2758176812282979,1.0,-0.08448083333924149,0.13203134494552754,0.12520923908832582,0.329681195837084,0.01180354260385028
-0.050274982709214454,0.0580718633869442,-0.10865110277392369,0.344571485662656,0.20282099729553885,-0.00035475306629696696,-0.13026626101934138,0.4128468308157122,0.27769108849677815,0.2893966195937391,0.48440786294727983,0.15895545322152563,0.5363444261389124,-0.05566539005170466,0.3252373752572772,-0.05369463664651824,-0.001515517789738218,0.19448822761633253,-0.05523541090946525,0.4586408461683331,0.03410925049931336,0.09848802978571046,-0.060871274368615065,0.305762669472526,0.4069642794587835,-0.039795593912847184,0.25179922805637955,0.13932137778358228,0.14609151586806396,-0.042848446700205496,0.09883171868670006,-0.10981807424625849,0.23760010662140102,0.23005726214032426,0.19289266823819606,0.1743797500289404,0.11425617279502072,0.31370803503935685,-0.1346698598476928,0.3998860829828966,-0.02147671635326943,0.044622401753371226,0.2932650943664581,0.0399126198230159,0.26965222755063706,-0.14195341745948983,0.08215560866219743,0.16357966806438073,0.025358716310843576,0.3272442090294314,-0.07022528597896928,-0.2510654696037189,0.4888777849660969,0.11122426445913786,0.51065965838069,0.31264253930687563,0.4321666719632897,-0.01256700857027025,0.41589116605703724,0.30060966446447257,0.04071286738498426,-0.38741213220661147,0.23172536362708582,-0.11053954503769234,0.14010712250311552,0.3893596977935609,0.3358244916762477,0.3675426174429199,0.19533977077438333,0.20922012718442512,0.45710668523335807,0.3183681480462715,0.5464381991651556,0.4736099415000367,0.07982657777818969,0.17439962862410993,0.15254359173415438,0.33235298480096237,0.249585219629203,0.12762981270216367,-0.11924637522322017,-0.1126113429406422,0.6052383242518781,0.4099842853463131,-0.06929840870155274,-0.07889413939110479,-0.009710809772278022,0.16355529629947488,0.16104303423213753,0.1475499666101155,0.4604305061286903,0.1901128906318149,-0.17383655206367254,0.22858781216762739,-0.16136629022265517,0.29984876983955644,-0.17482656770626895,0.21007344733840366,0.01081877534424267,-0.16551668595380448,0.3884728546392886,0.11110572702758024,0.19321968172562598,0.2903981672016883,0.19180271806867666,0.07750801126889711,0.27061824845994237,0.14667620033786263,-0.00040443409449507036,0.09951971493860273,0.12818498441948936,0.5580127485065717,0.01365468578280398,-0.3135426513202648,0.18363107729687814,0.14128089782179046,0.2944733870306528,0.3657018860175708,0.48666154964472014,-0.13225694140491853,0.2649644045035924,-0.2986435826827826,0.3032782236037954,0.11382036115252116,0.4555793794906957,0.34610518988555933,-0.2925360895976389,0.26532782607452676,0.3301784771371993,0.1908127569164897,-0.04744256392672706,-0.08497844180113517,0.20360200733485384,0.213212581246304,-0.004054401230551214,-0.25467055714692477,0.3199505461176475,0.12260527879526795,0.02749002852060119,0.10047208930031983,0.19964515524590876,-0.05419202395891762,0.08478073642387535,0.4928817463996863,0.09282263213780977,0.3482559158102074,-0.14764011117615553,0.30998742509069666,0.4034234111805072,0.22382644576954844,0.3002053727918715,0.28313294305937325,0.23431762421089058,0.33429535064257704,0.0031672247247719436,-0.16963647724230635,0.26085758882686205,0.0865960753300382,0.04406640773729179,-0.3341246150334592,0.32319415926145234,0.2018236575220303,-0.14830514647354937,0.18227993782694987,0.38019685348739113,-0.38246883845023644,0.3933582435089088,0.3901546145004593,-0.04647452825115822,-0.05721505750299863,0.15399642578879133,-0.07178762525433466,0.5602882433210766,-0.12563550785195227,0.2271402083704071,0.25996666289996706,0.1261196932928844,0.14869407471875323,0.18399433990909939,0.09801976725701958,-0.14392058213426548,0.4155766735539608,0.0030719594563731094,0.5882451874255197,0.2814055215887966,0.0011666490028101498,0.4711871137858485,0.24380085347767916,-0.08533825434625633,0.06018460269812913,0.08778712100693555,0.20275630350846044,0.19940896729031019,0.18504228887845905,-0.08448083333924149,0.9999999999999999,0.11617730828130864,-0.015609425089380152,-0.004589244561202162,0.3058021707435502
0.2719754176805444,-0.125762549472386,0.260125147567202,0.39224355943595773,0.05647993634793607,0.3846243087053827,-0.13706200100671095,0.20817625975854914,0.30966034840027473,0.17944619102184423,-0.15628959544242835,0.475054902345189,0.3972037667144996,-0.10758937836242134,0.192100750847927,-0.10680993166237668,0.08982062933346133,0.5286919788744406,0.047204017481364595,0.47043941422128854,0.07905490963272106,0.30703026577892495,-0.1132091592787529,0.4723805274119018,0.5879908106408862,0.12256592220525352,-0.0914253436135568,0.3539327829562132,0.277669581189385,-0.00017800079403698673,0.38943797951955283,-0.46988893984878205,0.5194554201456834,-0.148521061613021,0.3816900462980792,0.46403131788834734,0.17315100811794687,0.37080216003521227,-0.33556519764070314,0.532905883413469,0.3879502042942448,0.318640201391251,-0.26109906387167364,0.04591832195781534,0.46214020907000314,0.1480102059534013,0.1942887910302833,0.36400349053250897,-0.2781541322069533,0.16326590445891062,-0.1528574277782677,0.02365530815376845,0.026436973812867692,0.15688096917804006,0.4779516509496318,-0.12166210592473822,0.06830632886031947,0.2657969167410411,0.45439697172074595,0.24138587362508432,-0.09550884100331196,0.1005724231361654,0.09312964945071239,0.4269196984818979,0.501935488276615,0.40964647176782815,0.36763869879233124,0.19595607785961722,0.2728035819505449,0.13893486108021103,0.4463716724391752,-0.1337774563305869,-0.06816371238208467,-0.23856612908469946,0.282170900122236,0.5116955899206362,0.11518652932941785,-0.2062443255920946,0.3706703743871651,0.28979337733107785,0.3360664527616791,-0.157374116884161,0.44859138291363804,0.039823407608057575,0.3878254405207042,0.06036471805054682,0.011127827994950101,-0.023662704777504043,0.4211308586724139,-0.11170982496647777,0.16132679021253019,0.1869208365527119,0.12941153562151017,0.3458732778482649,-0.12501946383574153,0.32289758956335285,0.04064750859433328,0.07198705904421952,-0.32672194029994905,0.0008233955820102425,-0.08658122943863704,-0.016970827197724286,0.05821610792063716,-0.1474861584673791,0.35910215814516494,0.1492632080555294,0.03123341231664998,0.03491323411297238,-0.10130302547170428,0.33982659168913193,0.12537793632122726,0.22659129002656594,0.11439194427398956,-0.16245182915923354,0.37465194359692655,0.27738746957858845,-0.2042587354587183,0.11660543486068445,0.49900050119818207,0.2546387964090079,0.1370298641411254,-0.006622339192920921,0.28678946172625874,0.26185196811434497,0.3822244438833621,-0.06253090980957467,-0.004286978303770686,0.6221040640549774,0.13613092942612612,0.1382685551456853,0.08798992830266572,0.13910504094316836,-0.08912515610469528,0.27932610233564187,0.07947460994473987,0.18084995668347192,0.46382823339942786,0.2539505317377449,0.123519541283022,0.10280192752112564,-0.32091102310374353,0.13453776737445125,0.2931149252095184,0.23874856854499674,-0.21464951830693121,0.39933221993698265,0.17782346511069214,0.21786410440159645,0.2701259739409424,0.14888953908706626,0.06205686320300702,0.3136068616946102,0.15854853014493506,0.20078181550789995,0.052297633853957665,0.13057786925242315,0.19357650718805344,0.2491961985499809,0.22658636116619446,-0.08123397230183964,0.3056159419039985,0.054692262560200246,0.6093598021332871,0.008764810006167514,-0.1569120727715107,-0.0712300563468506,0.34484173882752256,0.48937347869765535,-0.23626409801151083,0.18899173419402082,0.04863322014585309,0.2175460060202144,0.039125499283279914,0.05207361839005932,0.09859137904818416,0.3174716236821129,0.24373554158371968,0.28325108109686753,0.19308506471895565,0.21115280143707477,0.022728021540477608,0.0846630200596642,0.1942281223043254,0.3419995659846837,0.3652045242182806,0.03744136693559472,0.286089999089352,0.6001801693191614,-0.09378078139805551,0.13437287339547074,0.06614348483261033,0.34279858172186223,-0.0062460535284242415,0.08502955994385529,0.13203134494552754,0.11617730828130864,1.0,0.09393259603328112,-0.11780852982071724,0.3159245580515655
-0.04617107593016163,0.0819606957566811,0.19789476383199148,0.20852084914787236,0.12277423409653668,0.30748422313476553,0.07157768454277817,0.017563842965812853,0.370213157540628,0.35083414774734467,0.07660674490911813,0.058807864835707435,-0.021517652826556898,0.24131911017068397,0.07984460460906144,-0.10232731142369648,0.18255296880140645,0.2647838429823181,0.17794151114191636,-0.16476225730031016,0.20068435358855247,0.16140539330620252,0.17906704707974944,0.09106380542602807,-0.01479957701438319,0.1865722379297511,0.16514062644645164,0.32212679536907296,0.3154509961312834,0.3091056811923756,0.15679110642409086,0.4219850190555125,0.0037181818885794003,0.015627737949701848,0.16166712221034907,0.2432644836726016,0.40967871238303827,0.10559030399651051,0.06726953943451726,0.04905816248425942,0.45913064128134784,0.3222259569244495,0.29479146373614645,0.05149256595668479,0.2179759427197508,0.2248988208318791,0.03172622291891596,0.3916489930065987,0.11089586849340805,0.020260522378483106,0.17449052531441014,0.45535807174380627,0.20063950836666083,0.13862761472408636,0.09273031222126563,0.09137979651094963,0.22889388193559043,0.2782597954508177,-0.03349078169734683,0.04860331796823675,0.17975651319732883,0.30913477024177666,0.05128773617122591,0.011389944517546604,0.03275011887208336,0.06364593797976892,-0.04586389207384835,0.2644875699385944,0.09535768499691046,0.2543511134900781,0.19461460789714005,0.20156631553622278,0.1712096336698542,0.12972662308469857,-0.001970684378943799,0.3382560420371258,0.12966931250354666,0.3074277412111501,0.28355162014020663,0.4183994231446134,0.2305454571089643,0.17873426713465157,-0.008734608351891063,-0.023837542196136954,0.34309841777247396,0.16927690308643842,0.45142309702960076,0.19514812424398806,0.19519685054348765,0.23821588197741084,0.23093511640794348,0.3438208787053524,0.11125066166687171,0.20784038948789382,0.028742801260983514,0.20088972547186498,0.08040549687326508,0.25619718646895284,-0.035433071594962375,0.3591799981229546,0.11270804749172603,0.09963832403356467,0.20048653136937314,0.046223081389788,0.3283118007846919,0.09591888644053181,0.13252041542403564,0.11106982898342618,0.2099908743944881,0.4307072877848526,0.2832953081203798,0.2783981594517527,0.09642438010845165,0.07520879278454207,0.014819177161343103,-0.0606607504619866,0.02206397348812989,0.39085823913685597,0.07647939974398822,0.3807335740171704,-0.017326494031607624,0.3221878139796955,0.31060898185918906,0.12829135739189687,-0.02947050773909292,0.08382249215007019,0.15324342802878937,0.10453855543935898,0.1358701320755587,0.2909311181927806,0.06660425365423392,0.2389409302997149,0.13088049323126563,0.30305750481418114,-0.051078994181385735,-0.12087005880118437,0.31101978331399954,0.15783306910423162,0.23228913989459257,0.05866304359397679,0.15377202528577652,0.24281468159223582,0.17313442805094917,0.09630765315799995,-0.014223718007359916,0.22279741778811007,0.23089602171582602,0.06825785877954979,0.02896429895675045,0.05894734527262873,0.13207412780619915,0.23222918517711316,0.11068647878783576,0.13833330121548465,0.4727034816064673,0.006286775322224081,0.1810538341539665,0.1321052310202368,0.2144952622776611,0.17622097702291276,0.1226187514804518,0.18469620450132102,0.15308249972895185,0.28586396915567736,0.0855746322710215,0.2562541205319949,0.024434542354704405,0.21519846550570398,0.1735549326529613,0.22415932948549583,0.014525617334395492,0.3969965190307387,-0.08230003289058406,0.10444415593411616,0.01400441339970812,0.30105023519263235,0.1201087175827199,0.2920636158011408,0.26815973025270284,0.08604429839702767,0.41115344648898183,-0.12091585071542205,-0.025393351234499643,0.056506090655700426,0.2706037367831644,0.33979178717528497,0.09468422318685038,-0.16318221081492737,0.14690882546836875,0.2234686005596693,-0.013032348056379763,0.3512729306189932,0.3082959886926943,0.21318465679442955,0.1252092390883258,-0.015609425089380152,0.09393259603328111,1.0,0.3204644676796644,0.2102461723396346
-0.11324863345760205,0.2738936383833812,0.4461282886211887,0.36489686450220976,0.21441880870015734,0.2233654948595064,0.3251278751500549,0.02450006085729343,0.283979755441613,0.10712707714649623,0.22732189425140875,0.004037259328440563,-0.138729214055037,0.37877995287240374,0.2851517274164889,0.2519458397323642,0.25257012607875357,0.163503486777757,0.4879360249874704,-0.0685017172269072,0.28243408028526606,0.23398833498718366,0.4214148224753444,-0.1865174380865586,-0.08631367623279544,0.1129912246103767,-0.172446342016913,0.1039870633754097,0.09537982725214,0.4316139871156726,0.1197350549325333,0.3495327315617213,-0.19548143380483451,0.21803652619494557,-0.04902129322255755,0.1092744757934843,0.5901649329877905,0.050715433840540565,0.28219117560081763,-0.01983765342822759,0.48952758783633515,0.20526953235618844,0.10445672091464096,0.09393138739810991,0.196755728698981,0.2516912061855745,0.07666001278547312,0.5424474509456172,0.39049668600311166,0.2037727573110269,0.22020507784038715,0.2737572048187262,0.3765931114821493,0.3230045913030592,-0.09681262962751953,-0.04838028891846083,0.3117619232579404,0.4161691038124928,-0.12380973216549117,0.08956099387260215,0.2666933174455404,0.32343097287755185,0.12041153702876126,0.052723500474614826,0.01611770395257428,-0.13478936691906515,-0.08593924026194112,0.5396640354688902,0.2536105794280896,0.5454847182895043,0.02050848214862361,0.2617221363105549,0.2874319926245898,0.11022406330960313,0.050691817569727814,0.2038606812697205,0.28357073088880325,0.5138028940268654,0.02869120679165386,0.3021434436230051,0.33175391871140586,0.29619505762860315,-0.022966198927160734,0.10374955122353272,0.10959456285041004,0.17055905776997526,0.39344766752987115,0.271512684688148,0.28654959156157833,0.20985380099958936,0.15873186584704663,0.300943189087948,0.27384114667102294,0.06503493721312452,0.25410657819356836,0.012363918807004354,0.32768071586668335,0.2802300255663765,0.3002754719194248,0.3384316915344628,0.05377040591075773,0.13480804202398472,0.456427231631382,0.2653965333069151,0.5758471222837322,0.2199310935425352,0.24472706755242996,0.3090488679348381,0.5336818263346559,-0.026594623672073218,0.32937962236364804,0.2616496462013346,0.15239081480649277,0.4293875249404526,0.13275403381668394,-0.22837827111891168,0.31536718974424166,0.31372608298601606,0.03954631520083944,0.15630865561867205,0.12433151846135199,0.4224470634630655,0.3302282679299295,0.15123288071447424,-0.22486007806246783,0.11654660960425638,0.2951067359474814,-0.1238290761162531,0.2928385625759813,0.48244225839397253,0.10194700894958741,0.22687564809993627,0.19211503613280903,0.16015997669335305,-0.05578793457185,0.20581967350704636,0.21970756865541133,0.24846684386917578,0.35738365269660927,-0.10197500282884589,0.40189651703856594,0.23164601334215984,0.045883294231499075,0.1285072681920832,0.3290418438023351,0.06214541289526768,0.28082136706034183,0.3028986776399815,-0.02693470939173238,0.20338766288456248,-0.041093439288422184,0.4385817243635214,0.07972203397037467,0.11264196491015654,0.6159831444853029,0.13633606924507244,0.19533059181070764,0.09242568108608085,0.2884863672117685,-0.026598885442344698,0.03947117804882783,0.6688270296841577,0.15184100557928054,0.3103371528079602,0.1233049318643124,0.3987233150231211,-0.0721539951903368,-0.19222498978335187,0.2785864200072353,0.2601713278808711,0.07992368313814185,0.46441931444174406,0.0025116859605382805,0.29530250102190686,0.06054197065883845,0.29726907678600756,0.3005498582902849,-0.10907384708167019,0.6573320389790995,-0.009487410473908293,0.009935488778735674,-0.08548963172954711,0.03532555402241898,-0.06167109965917116,0.16200404097018314,0.28920694489953075,0.1512581274611542,-0.199894542648913,0.517873488567843,0.7509293828164072,0.15700797105122644,0.36544286057520303,0.33330295406866683,0.7026746285587095,0.329681195837084,-0.004589244561202162,-0.11780852982071725,0.3204644676796644,0.9999999999999998,0.1737738630607868
-0.08713696358078998,0.11793167413689248,0.22495445124506525,0.5721365829721391,0.3407290494027255,0.49189209210036866,0.10037529004971305,0.5024160260675672,0.3939145531849202,0.43967211023678066,0.3101841643191642,0.35494245045409795,0.3932675890084859,0.15345876330637462,0.5104819574214801,-0.19649571653214215,0.08174284565451345,0.6345446249016247,0.2475668398677882,0.30518649745250614,0.24035995159453158,0.4567530214375916,0.11579649983909904,0.7141692419851745,0.4760732434974176,-0.1276267226230003,0.19363470588806697,0.35087676415147756,0.5193606045605824,0.23056802942061924,0.06524474072912911,-0.03672819664669973,0.3738529348900728,-0.05763623272561477,0.49285423695305963,0.36756967136440233,0.4099045982886292,0.32900018563384403,-0.09306629751630603,0.5786193079371416,0.28710605391433786,0.4719044402250923,0.3009714840162422,0.15913983413135147,0.4867131397632172,0.31159496765958766,0.3639042523587729,0.4294781728378476,0.11499651278308028,0.06592232845006549,0.09341608890921498,0.2757449735832168,0.31926707396533904,0.2485644416797894,0.6018593634132228,0.04500039409485486,0.37123893011239983,0.3868214747361521,0.3090555686552378,0.22420989123219284,0.08346268188077811,-0.05008838156419995,0.17234291968474078,0.025428295503504873,0.3537097332350138,0.6474480531878244,0.4320274178783827,0.3376415347781812,0.42985578453767415,0.3124409485268537,0.4310564166985153,0.15528563337228804,0.18457170248309185,0.11862670780097785,0.296662130653752,0.633228237131001,0.1888906188963724,0.22794544856376378,0.5515677319747443,0.3340486893321677,0.31535299564563996,0.21187720073691357,0.40776774915233166,0.1796671566829712,0.1633376044994821,0.24531285666556743,-0.0066005265933806,0.038505512574353515,0.3891350234535071,0.25812281201829623,0.33955727931916146,0.3335501508332785,0.20436175266856238,0.30402343807062093,-0.014714839350322237,0.541298704193206,-0.06998730302077516,0.34183953417204915,0.0681121888815333,0.004480744155053162,0.18810872349553068,0.01556064344782121,0.2706365888788771,0.1723632275319998,0.39093568093922015,0.11835902670060588,0.2414048202886481,0.13076343751672517,0.15222980453960314,0.5345810487626161,0.46572793468854373,0.36584526088246794,0.1542614001305872,-0.18180319271100065,0.15811025843134738,0.06445178003555273,0.14281722850614456,0.4514247067243596,0.6190705625600024,0.1014944501518081,0.586294694065737,0.07024108373936686,0.3999251940221465,0.15410076121317823,0.2990670882662333,-0.02440864805560711,0.11030106038689061,0.5225640984521029,0.1934097924956216,0.32559626740836745,-0.02431398261158997,0.06572136345367699,0.21155927851016557,0.3079059654082707,0.22050515947157223,-0.2716081996133697,0.5191568762825822,0.1527597679330231,0.31861728254203436,0.02781793784712306,0.0909194942746644,0.16368753791644192,0.076936015439475,0.34823702476580976,0.034533724404608425,0.5981279460464859,0.2618086375094687,0.42700719399133746,0.21079565877861325,0.09008140669878455,0.18265954783402943,0.5424606877794781,0.07502910848419138,0.33657060820491974,0.13078301754603056,-0.15409174044675994,0.4282572465762922,0.06176705345830032,0.01649691829638611,-0.02380506846942768,0.5171803423786676,0.11957985876619047,0.19027226093185076,0.2955629786103538,0.2400847326325953,0.036507878368049945,0.4256860344224077,0.4876574948858506,0.036569171655772344,-0.011882338107094747,0.05453830735678231,0.10145068267244388,0.17117652942083797,0.18413688999483843,0.07009806442559713,0.4017142496681537,0.12010477830692436,0.3984879620375324,0.33297645659222663,0.1806862752619825,0.13811231442625166,0.27652124143611745,0.28911440460438337,0.5162648956000003,0.6620366444502381,0.22523522495574771,0.3924884714658069,0.21131348910659858,-0.22506189226983403,0.22796824232392862,0.14772616319770698,0.3793075972771144,0.22075675024218944,0.2691466637294724,0.01180354260385028,0.30580217074355026,0.31592455805156555,0.21024617233963463,0.1737738630607868,1.0
